site1_index,site2_index,site1_element,site2_element,bond_distance,site1_coord_num,site2_coord_num,delta_electronegativity,delta_ionic_radius,sum_covalent_radii,avg_bader_charge,delta_bader_charge,bond_midpoint_density,bond_density_laplacian,bond_midpoint_elf,elf_type,bond_charge_transfer,bond_elf_from_0simplex,bond_elf_asymmetry,bond_density_from_0simplex,bond_density_gradient,bond_effective_charge,bond_charge_imbalance,lie_algebra_incompatibility,quotient_algebra_orbit_size,pseudo_symplectic_coupling,tensor_algebraic_environment_alignment,lie_algebraic_bond_alignment_a,lie_algebraic_bond_alignment_b,lie_algebraic_bond_alignment_c,delta_structure_chemistry_incompatibility,bond_ends_anisotropy_mismatch
0,27,Cs,Br,4.206317191597291,12,6,2.17,0.08000000000000007,3.46,0.09721899999999906,1.594844000000002,0.023825426968893965,0.0018001238909105554,0.02471534238029103,standard,1.594844000000002,0.21484870007055712,0.0040019167276461876,6677.338557523315,2106.738385742345,0.09721899999999906,-0.999999999999373,3.3414704426533827e-13,90,1.0,0.6013130458327307,0.2431167344345869,0.36787944117184107,0.36787944117184107,1.5987012970855616,0.04000000000000048
0,34,Cs,Br,4.206317191597291,12,6,2.17,0.08000000000000007,3.46,0.09721899999999906,1.594844000000002,0.02382542696889433,0.0018001238909084133,0.02471534238029114,standard,1.594844000000002,0.21484870007055762,0.004001916727645188,6677.338557523262,2106.73838574237,0.09721899999999906,-0.999999999999373,9.80600997531646e-14,90,1.0,0.6264797168032914,0.3678794411718413,0.3678794411718411,0.24311673443458698,1.419333984703403,0.039999999999999925
0,28,Cs,Br,4.206317191597291,12,6,2.17,0.08000000000000007,3.46,0.09721899999999906,1.594844000000002,0.024003834867808053,0.0021743279638083597,0.025492063195259533,standard,1.594844000000002,0.2148487000705584,0.004001916727643606,6677.338557523238,2106.7383857423815,0.09721899999999906,-0.999999999999373,9.806009975316459e-14,90,1.1206590870030082,0.9682110136492964,0.367879441171841,0.3678794411718413,0.24311673443458695,1.51087100760799,0.039999999999999925
0,32,Cs,Br,4.206317191597291,12,6,2.17,0.08000000000000007,3.46,0.09721899999999906,1.594844000000002,0.024003834867808504,0.0021743279638103247,0.02549206319525942,standard,1.594844000000002,0.21484870007055715,0.004001916727646104,6677.338557523277,2106.7383857423633,0.09721899999999906,-0.999999999999373,3.237755667337806e-13,90,1.1206590870029969,0.9665202519042563,0.36787944117184107,0.2431167344345869,0.36787944117184107,1.3932720449559182,0.039999999999999925
0,22,Cs,Br,4.206317191597291,12,6,2.17,0.08000000000000007,3.46,0.09721899999999906,1.594844000000002,0.023825426968893185,0.0018001238909104548,0.024715342380291182,standard,1.594844000000002,0.21484870007055756,0.004001916727645299,6677.338557523244,2106.738385742379,0.09721899999999906,-0.999999999999373,9.806009975316451e-14,90,1.0,0.8092015307179992,0.3678794411718411,0.36787944117184107,0.24311673443458695,1.6885239353774018,0.040000000000000036
0,20,Cs,Br,4.206317191597292,12,6,2.17,0.08000000000000007,3.46,0.09721899999999906,1.594844000000002,0.024003834867807827,0.0021743279638104015,0.02549206319525965,standard,1.594844000000002,0.2148487000705575,0.00400191672764541,6677.338557523258,2106.738385742372,0.09721899999999906,-0.999999999999373,3.237755667337801e-13,90,1.120659087002997,0.7588497679965283,0.3678794411718413,0.24311673443458695,0.36787944117184107,1.4126339371743661,0.04000000000000026
0,29,Cs,Br,4.206317191597292,12,6,2.17,0.08000000000000007,3.46,0.09721899999999906,1.594844000000002,0.024003834867807793,0.0021743279638097475,0.025492063195259637,standard,1.594844000000002,0.21484870007055723,0.00400191672764591,6677.338557523271,2106.738385742365,0.09721899999999906,-0.999999999999373,3.237755667337806e-13,90,1.120659087003015,0.9665202519042564,0.36787944117184107,0.24311673443458695,0.3678794411718413,1.3932720449559182,0.039999999999999925
0,24,Cs,Br,4.206317191597292,12,6,2.17,0.08000000000000007,3.46,0.09721899999999906,1.594844000000002,0.023825426968894666,0.0018001238909072415,0.024715342380291216,standard,1.594844000000002,0.21484870007055765,0.004001916727645105,6677.3385575233015,2106.738385742351,0.09721899999999906,-0.999999999999373,3.341470442653382e-13,90,1.0,0.6425274178128519,0.24311673443458698,0.36787944117184107,0.3678794411718413,1.2280502747726443,0.040000000000000036
0,17,Cs,Br,4.206317191597292,12,6,2.17,0.08000000000000007,3.46,0.09721899999999906,1.594844000000002,0.02400383486780902,0.002174327963808501,0.02549206319525976,standard,1.594844000000002,0.21484870007055762,0.004001916727645188,6677.338557523248,2106.7383857423765,0.09721899999999906,-0.999999999999373,3.237755667337801e-13,90,1.1206590870029982,0.9621098912994603,0.3678794411718411,0.24311673443458695,0.3678794411718411,1.5463259299381733,0.04000000000000026
0,18,Cs,Br,4.206317191597292,12,6,2.17,0.08000000000000007,3.46,0.09721899999999906,1.594844000000002,0.0240038348678093,0.0021743279638073267,0.02549206319525958,standard,1.594844000000002,0.214848700070558,0.004001916727644411,6677.338557523291,2106.738385742356,0.09721899999999906,-0.999999999999373,3.3414704426533777e-13,90,1.1206590870030162,0.6425274178128519,0.24311673443458695,0.3678794411718411,0.3678794411718411,1.5143888415649978,0.04000000000000015
0,21,Cs,Br,4.206317191597292,12,6,2.17,0.08000000000000007,3.46,0.09721899999999906,1.594844000000002,0.024003834867807997,0.002174327963810484,0.025492063195259623,standard,1.594844000000002,0.21484870007055779,0.0040019167276448,6677.338557523301,2106.7383857423515,0.09721899999999906,-0.999999999999373,3.3414704426533787e-13,90,1.120659087002993,0.6636996687454968,0.24311673443458695,0.3678794411718413,0.36787944117184107,1.4199599163844123,0.039999999999999925
0,16,Cs,Br,4.206317191597293,12,6,2.17,0.08000000000000007,3.46,0.09721899999999906,1.594844000000002,0.024003834867808098,0.002174327963810569,0.025492063195259835,standard,1.594844000000002,0.21484870007055734,0.004001916727645688,6677.338557523248,2106.738385742376,0.09721899999999906,-0.999999999999373,9.806009975316452e-14,90,1.1206590870029682,0.9411873172962572,0.3678794411718413,0.3678794411718411,0.24311673443458698,1.6692157158386807,0.04000000000000015
1,24,Cs,Br,4.206317191597291,12,6,2.17,0.08000000000000007,3.46,0.09721899999999906,1.594844000000002,0.02382541171733883,0.0018001350717717136,0.024714484856763384,standard,1.594844000000002,0.2148516120235924,0.004007740633714618,6677.338553945271,2106.738384041086,0.09721899999999906,-0.999999999999373,3.1664519884788884e-13,90,1.0,0.9725332599253551,0.24311673443458698,0.3678794411718411,0.3678794411718412,0.8367096980414845,0.040000000000000036
1,29,Cs,Br,4.206317191597291,12,6,2.17,0.08000000000000007,3.46,0.09721899999999906,1.594844000000002,0.024003820300480285,0.002174337921333622,0.025491199250205775,standard,1.594844000000002,0.214851612023592,0.004007740633715423,6677.338553945241,2106.7383840411007,0.09721899999999906,-0.999999999999373,3.0714392238871105e-13,90,1.1206591156139178,0.5942809822751761,0.3678794411718411,0.24311673443458695,0.3678794411718412,1.0019314682247584,0.039999999999999925
1,31,Cs,Br,4.206317191597291,12,6,2.17,0.08000000000000007,3.46,0.09721850000000032,1.5948449999999994,0.024003840953564136,0.0019959256599270617,0.025490774454035615,standard,1.5948449999999994,0.21485191587267927,0.004007132935540919,6677.338528615731,2106.7383960846573,0.09721850000000032,-0.999999999999373,9.938806847484726e-14,90,1.1141421356237897,0.5858356979928642,0.367879441171841,0.3678794411718413,0.24311673443458695,1.1450423360347362,0.040000000000000036
1,25,Cs,Br,4.206317191597291,12,6,2.17,0.08000000000000007,3.46,0.09721850000000032,1.5948449999999994,0.024003840953565638,0.0019959256599234015,0.025490774454035376,standard,1.5948449999999994,0.21485191587267946,0.004007132935540503,6677.338528615726,2106.7383960846596,0.09721850000000032,-0.999999999999373,9.938806847484712e-14,90,1.1141421356237526,0.6036565914402511,0.3678794411718411,0.36787944117184107,0.24311673443458695,1.1672789487984654,0.039999999999999925
1,37,Cs,Br,4.206317191597291,12,6,2.17,0.08000000000000007,3.46,0.09721850000000032,1.5948449999999994,0.024003840953565253,0.0019959256599248135,0.025490774454035466,standard,1.5948449999999994,0.2148519158726796,0.004007132935540225,6677.338528615752,2106.7383960846473,0.09721850000000032,-0.999999999999373,9.938806847484746e-14,90,1.1141421356237382,0.5942809822751761,0.3678794411718413,0.3678794411718411,0.24311673443458698,1.0019314682247584,0.039999999999999925
1,17,Cs,Br,4.206317191597292,12,6,2.17,0.08000000000000007,3.46,0.09721899999999906,1.594844000000002,0.02400382030048232,0.002174337921326683,0.025491199250206008,standard,1.594844000000002,0.21485161202359238,0.0040077406337147015,6677.338553945217,2106.738384041111,0.09721899999999906,-0.999999999999373,3.071439223887107e-13,90,1.1206591156139776,0.7649269559581545,0.3678794411718412,0.24311673443458695,0.36787944117184107,1.1549853532070136,0.04000000000000026
1,18,Cs,Br,4.206317191597292,12,6,2.17,0.08000000000000007,3.46,0.09721899999999906,1.594844000000002,0.024003820300480736,0.002174337921332016,0.02549119925020576,standard,1.594844000000002,0.21485161202359276,0.004007740633713924,6677.33855394526,2106.738384041091,0.09721899999999906,-0.999999999999373,3.166451988478886e-13,90,1.1206591156139674,0.972533259925355,0.24311673443458695,0.3678794411718412,0.36787944117184107,1.123048264833838,0.04000000000000015
1,19,Cs,Br,4.206317191597293,12,6,2.17,0.08000000000000007,3.46,0.09721850000000032,1.5948449999999994,0.02400384095356488,0.0019959256599246205,0.025490774454035706,standard,1.5948449999999994,0.21485191587267896,0.004007132935541502,6677.338528615713,2106.738396084665,0.09721850000000032,-0.999999999999373,9.938806847484733e-14,90,1.1141421356237544,0.6012711879551115,0.3678794411718413,0.3678794411718411,0.24311673443458698,1.2190685699984027,0.039999999999999925
1,32,Cs,Br,4.206317191597293,12,6,2.17,0.08000000000000007,3.46,0.09721899999999906,1.594844000000002,0.024003820300480722,0.002174337921332141,0.025491199250205692,standard,1.594844000000002,0.2148516120235919,0.004007740633715617,6677.3385539452465,2106.738384041097,0.09721899999999906,-0.999999999999373,3.07143922388711e-13,90,1.120659115613957,0.5942809822751761,0.367879441171841,0.24311673443458695,0.36787944117184135,1.0019314682247584,0.039999999999999925
1,27,Cs,Br,4.206317191597293,12,6,2.17,0.08000000000000007,3.46,0.09721899999999906,1.594844000000002,0.023825411717339595,0.0018001350717714143,0.024714484856763218,standard,1.594844000000002,0.21485161202359188,0.004007740633715701,6677.338553945285,2106.738384041079,0.09721899999999906,-0.999999999999373,3.1664519884788874e-13,90,1.0,0.8906584837533696,0.24311673443458698,0.367879441171841,0.36787944117184135,1.207360720354402,0.04000000000000048
1,21,Cs,Br,4.206317191597294,12,6,2.17,0.08000000000000007,3.46,0.09721899999999906,1.594844000000002,0.024003820300481017,0.0021743379213288345,0.02549119925020566,standard,1.594844000000002,0.21485161202359254,0.004007740633714313,6677.33855394527,2106.7383840410853,0.09721899999999906,-0.999999999999373,3.1664519884788864e-13,90,1.1206591156139605,0.9621296759711877,0.24311673443458695,0.367879441171841,0.3678794411718413,1.0286193396532526,0.039999999999999925
1,20,Cs,Br,4.206317191597294,12,6,2.17,0.08000000000000007,3.46,0.09721899999999906,1.594844000000002,0.024003820300480164,0.0021743379213350093,0.02549119925020582,standard,1.594844000000002,0.21485161202359226,0.0040077406337149235,6677.338553945227,2106.7383840411057,0.09721899999999906,-0.999999999999373,3.0714392238871075e-13,90,1.1206591156139387,0.9652688990671214,0.367879441171841,0.24311673443458695,0.3678794411718413,1.0212933604432064,0.04000000000000026
2,18,Cs,Br,4.206317191597292,12,6,2.17,0.08000000000000007,3.46,0.09721899999999906,1.594844000000002,0.02382541171733945,0.0018001350717693444,0.02471448485676359,standard,1.594844000000002,0.21485161202359265,0.004007740633713702,6677.338553934263,2106.738384035862,0.09721899999999906,-0.999999999999373,3.325716701593208e-13,90,1.0,0.5939442610997827,0.24311673443458698,0.3678794411718411,0.3678794411718412,0.11936567760338168,0.040000000000000036
2,16,Cs,Br,4.206317191597292,12,6,2.17,0.08000000000000007,3.46,0.09721899999999906,1.594844000000002,0.024003820300481222,0.0021743379213293593,0.02549119925020606,standard,1.594844000000002,0.214851612023592,0.004007740633714979,6677.33855393422,2106.7383840358825,0.09721899999999906,-0.999999999999373,1.9246645880241983e-13,90,1.120659115613949,0.8363752390388656,0.3678794411718411,0.3678794411718411,0.24311673443458698,0.2741925518770646,0.040000000000000036
2,35,Cs,Br,4.206317191597291,12,6,2.17,0.08000000000000007,3.46,0.09721850000000032,1.5948449999999994,0.024003840953563945,0.001995925659927135,0.025490774454035685,standard,1.5948449999999994,0.2148519158726793,0.004007132935540392,6677.338528604707,2106.738396079441,0.09721850000000032,-0.999999999999373,3.6310118769875576e-13,90,1.1141421356237873,0.6691983629167292,0.36787944117184107,0.24311673443458695,0.3678794411718412,0.018173509191567683,0.039999999999999925
2,21,Cs,Br,4.206317191597292,12,6,2.17,0.08000000000000007,3.46,0.09721899999999906,1.594844000000002,0.02382541171733855,0.001800135071771805,0.024714484856763613,standard,1.594844000000002,0.21485161202359243,0.004007740633714091,6677.338553934273,2106.738384035857,0.09721899999999906,-0.999999999999373,3.3257167015932085e-13,90,1.0,0.7526549697280032,0.2431167344345869,0.36787944117184107,0.36787944117184107,0.02493675242279625,0.039999999999999813
2,28,Cs,Br,4.206317191597292,12,6,2.17,0.08000000000000007,3.46,0.09721899999999906,1.594844000000002,0.02382541171733925,0.001800135071771941,0.024714484856763357,standard,1.594844000000002,0.21485161202359304,0.004007740633712897,6677.33855393421,2106.738384035887,0.09721899999999906,-0.999999999999373,1.9246645880241993e-13,90,1.0,0.74068062960405,0.3678794411718411,0.36787944117184107,0.2431167344345869,0.11584784364637402,0.039999999999999813
2,38,Cs,Br,4.206317191597291,12,6,2.17,0.08000000000000007,3.46,0.09721850000000032,1.5948449999999994,0.024003840953564948,0.001995925659923329,0.02549077445403563,standard,1.5948449999999994,0.21485191587267935,0.004007132935540281,6677.338528604714,2106.7383960794373,0.09721850000000032,-0.999999999999373,3.6310118769875606e-13,90,1.1141421356237742,0.7068528195328911,0.3678794411718411,0.24311673443458695,0.3678794411718412,0.1714693868542143,0.0399999999999997
2,26,Cs,Br,4.206317191597292,12,6,2.17,0.08000000000000007,3.46,0.09721850000000032,1.5948449999999994,0.024003840953563442,0.0019959256599286707,0.02549077445403557,standard,1.5948449999999994,0.21485191587267893,0.004007132935541086,6677.338528604711,2106.738396079438,0.09721850000000032,-0.999999999999373,3.6310118769875525e-13,90,1.1141421356237726,0.6817219279606169,0.3678794411718413,0.24311673443458695,0.36787944117184107,0.09087857406369793,0.0399999999999997
2,23,Cs,Br,4.206317191597292,12,6,2.17,0.08000000000000007,3.46,0.09721850000000032,1.5948449999999994,0.024003840953564635,0.0019959256599256722,0.02549077445403556,standard,1.5948449999999994,0.2148519158726798,0.0040071329355393925,6677.3385286047,2106.738396079444,0.09721850000000032,-0.999999999999373,3.6310118769875505e-13,90,1.1141421356237449,0.6641404335657708,0.3678794411718411,0.24311673443458695,0.3678794411718411,0.0017511190056980208,0.03999999999999959
2,34,Cs,Br,4.206317191597293,12,6,2.17,0.08000000000000007,3.46,0.09721899999999906,1.594844000000002,0.024003820300479685,0.0021743379213353137,0.025491199250205644,standard,1.594844000000002,0.21485161202359226,0.004007740633714479,6677.338553934234,2106.738384035875,0.09721899999999906,-0.999999999999373,1.9246645880242005e-13,90,1.1206591156139494,0.9536135071134942,0.3678794411718408,0.3678794411718413,0.2431167344345869,0.02431082074178692,0.039999999999999813
2,27,Cs,Br,4.206317191597293,12,6,2.17,0.08000000000000007,3.46,0.09721899999999906,1.594844000000002,0.024003820300480212,0.0021743379213329697,0.025491199250205876,standard,1.594844000000002,0.21485161202359176,0.004007740633715479,6677.338553934287,2106.73838403585,0.09721899999999906,-0.999999999999373,3.325716701593212e-13,90,1.1206591156139667,0.7568757133834944,0.24311673443458695,0.36787944117184135,0.367879441171841,0.20367813312394567,0.04000000000000037
2,24,Cs,Br,4.206317191597294,12,6,2.17,0.08000000000000007,3.46,0.09721899999999906,1.594844000000002,0.024003820300479657,0.002174337921333142,0.02549119925020578,standard,1.594844000000002,0.2148516120235923,0.004007740633714396,6677.3385539342735,2106.7383840358557,0.09721899999999906,-0.999999999999373,3.325716701593212e-13,90,1.120659115613932,0.5939442610997827,0.24311673443458695,0.3678794411718413,0.367879441171841,0.1669728891889718,0.039999999999999925
2,22,Cs,Br,4.206317191597294,12,6,2.17,0.08000000000000007,3.46,0.09721899999999906,1.594844000000002,0.024003820300480618,0.00217433792133197,0.025491199250205807,standard,1.594844000000002,0.2148516120235922,0.0040077406337145904,6677.338553934216,2106.738384035883,0.09721899999999906,-0.999999999999373,1.9246645880242e-13,90,1.1206591156139625,0.9484440286140001,0.36787944117184107,0.3678794411718412,0.24311673443458695,0.29350077141578557,0.039999999999999925
3,19,Cs,Br,4.206317191597292,12,6,2.17,0.08000000000000007,3.46,0.09721800000000158,1.594844000000002,0.024003825718419865,0.0019959347566438686,0.025490202863018455,standard,1.594844000000002,0.21485432204533716,0.0040119452808578815,6677.338525046913,2106.7383943877894,0.09721800000000158,-0.999999999999373,2.8460411604950397e-13,90,1.1141421525630555,0.9353005255670354,0.3678794411718411,0.3678794411718411,0.24311673443458698,0.1765702648556105,0.039999999999999925
3,35,Cs,Br,4.206317191597292,12,6,2.17,0.08000000000000007,3.46,0.09721800000000158,1.594844000000002,0.024003825718419136,0.0019959347566448726,0.02549020286301839,standard,1.594844000000002,0.2148543220453376,0.004011945280856993,6677.338525046905,2106.7383943877935,0.09721800000000158,-0.999999999999373,3.5877093622632955e-13,90,1.114142152562983,0.6359794311900879,0.36787944117184107,0.24311673443458695,0.3678794411718413,0.3737827384319891,0.040000000000000036
3,23,Cs,Br,4.206317191597292,12,6,2.17,0.08000000000000007,3.46,0.09721800000000158,1.594844000000002,0.02400382571841947,0.0019959347566463215,0.02549020286301818,standard,1.594844000000002,0.2148543220453381,0.004011945280855994,6677.338525046897,2106.7383943877967,0.09721800000000158,-0.999999999999373,3.587709362263288e-13,90,1.1141421525629351,0.6279791984138741,0.3678794411718412,0.24311673443458695,0.3678794411718411,0.3937073666292548,0.0399999999999997
3,18,Cs,Br,4.206317191597292,12,6,2.17,0.08000000000000007,3.46,0.09721850000000032,1.5948430000000045,0.02382539552539322,0.0018001447032699432,0.024713667652166996,standard,1.5948430000000045,0.21485401819625094,0.004012552979030304,6677.33855037646,2106.7383823442146,0.09721850000000032,-0.999999999999373,3.827492173212192e-13,90,1.0,0.6542718090376418,0.24311673443458695,0.36787944117184107,0.3678794411718412,0.2725905700201751,0.04000000000000015
3,38,Cs,Br,4.206317191597292,12,6,2.17,0.08000000000000007,3.46,0.09721800000000158,1.594844000000002,0.024003825718418116,0.00199593475664789,0.02549020286301836,standard,1.594844000000002,0.21485432204533766,0.004011945280856882,6677.338525046913,2106.7383943877894,0.09721800000000158,-0.999999999999373,3.5877093622632985e-13,90,1.1141421525629944,0.7082028654936262,0.367879441171841,0.24311673443458695,0.3678794411718413,0.22048686076934249,0.039999999999999813
3,31,Cs,Br,4.206317191597292,12,6,2.17,0.08000000000000007,3.46,0.09721800000000158,1.594844000000002,0.02400382571841917,0.0019959347566461325,0.025490202863018195,standard,1.594844000000002,0.21485432204533744,0.004011945280857299,6677.338525046931,2106.7383943877808,0.09721800000000158,-0.999999999999373,2.84604116049504e-13,90,1.1141421525629707,0.7174653409016158,0.3678794411718411,0.36787944117184107,0.2431167344345869,0.2505964988192771,0.040000000000000036
3,37,Cs,Br,4.206317191597293,12,6,2.17,0.08000000000000007,3.46,0.09721800000000158,1.594844000000002,0.024003825718418394,0.0019959347566434285,0.025490202863018206,standard,1.594844000000002,0.21485432204533778,0.004011945280856605,6677.338525046953,2106.73839438777,0.09721800000000158,-0.999999999999373,2.846041160495043e-13,90,1.1141421525630486,0.627979198413874,0.3678794411718408,0.3678794411718413,0.2431167344345869,0.3937073666292546,0.039999999999999925
3,21,Cs,Br,4.206317191597293,12,6,2.17,0.08000000000000007,3.46,0.09721850000000032,1.5948430000000045,0.023825395525391938,0.0018001447032748598,0.02471366765216721,standard,1.5948430000000045,0.21485401819625075,0.004012552979030692,6677.33855037647,2106.7383823442096,0.09721850000000032,-0.999999999999373,3.8274921732121943e-13,90,1.0,0.8073089856476684,0.2431167344345869,0.367879441171841,0.3678794411718412,0.36701949520076055,0.039999999999999925
3,24,Cs,Br,4.206317191597294,12,6,2.17,0.08000000000000007,3.46,0.09721850000000032,1.5948430000000045,0.02400380494133812,0.0021743462335912806,0.02549037495269465,standard,1.5948430000000045,0.2148540181962506,0.004012552979030998,6677.338550376471,2106.7383823442087,0.09721850000000032,-0.999999999999373,3.8274921732121953e-13,90,1.1206591517557432,0.6542718090376419,0.24311673443458698,0.3678794411718413,0.367879441171841,0.5589291368125286,0.040000000000000036
3,25,Cs,Br,4.206317191597294,12,6,2.17,0.08000000000000007,3.46,0.09721800000000158,1.594844000000002,0.02400382571841873,0.001995934756645982,0.025490202863018088,standard,1.594844000000002,0.21485432204533766,0.004011945280856882,6677.338525046926,2106.738394387782,0.09721800000000158,-0.999999999999373,2.846041160495038e-13,90,1.114142152563044,0.9405849946262964,0.36787944117184107,0.3678794411718412,0.24311673443458695,0.22835988605554774,0.039999999999999925
3,26,Cs,Br,4.206317191597295,12,6,2.17,0.08000000000000007,3.46,0.09721800000000158,1.594844000000002,0.02400382571841952,0.0019959347566443184,0.025490202863018355,standard,1.594844000000002,0.21485432204533725,0.004011945280857687,6677.338525046909,2106.73839438779,0.09721800000000158,-0.999999999999373,3.587709362263288e-13,90,1.1141421525630315,0.7402921316943941,0.367879441171841,0.24311673443458695,0.3678794411718413,0.4828348216872547,0.039999999999999813
3,27,Cs,Br,4.206317191597296,12,6,2.17,0.08000000000000007,3.46,0.09721850000000032,1.5948430000000045,0.024003804941338205,0.0021743462335890406,0.02549037495269496,standard,1.5948430000000045,0.21485401819625005,0.00401255297903208,6677.338550376485,2106.7383823442015,0.09721850000000032,-0.999999999999373,3.827492173212194e-13,90,1.1206591517558047,0.7041007721180887,0.24311673443458695,0.36787944117184107,0.3678794411718412,0.18827811449961113,0.04000000000000048
4,22,Cs,Br,4.206317191597291,12,6,2.17,0.08000000000000007,3.46,0.09721899999999906,1.594844000000002,0.02400382030048047,0.0021743379213340374,0.025491199250205678,standard,1.594844000000002,0.2148516120235917,0.004007740633713591,6677.338553939617,2106.7383840384523,0.09721899999999906,-0.999999999999373,2.1740295827711737e-13,90,1.120659115613947,0.8288015602925068,0.3678794411718413,0.36787944117184107,0.24311673443458695,1.6667174150225739,0.040000000000000036
4,39,Cs,Br,4.206317191597291,12,6,2.17,0.08000000000000007,3.46,0.09721850000000032,1.5948449999999994,0.024003840953563713,0.0019959256599272985,0.02549077445403562,standard,1.5948449999999994,0.2148519158726791,0.004007132935538782,6677.338528610123,2106.7383960820016,0.09721850000000032,-0.999999999999373,3.1347245862028007e-13,90,1.1141421356237704,0.6763247555000653,0.24311673443458698,0.3678794411718411,0.3678794411718412,1.5719043463231563,0.039999999999999925
4,36,Cs,Br,4.206317191597291,12,6,2.17,0.08000000000000007,3.46,0.09721850000000032,1.5948449999999994,0.02400384095356466,0.0019959256599245785,0.025490774454035567,standard,1.5948449999999994,0.21485191587267977,0.004007132935537477,6677.3385286101075,2106.738396082009,0.09721850000000032,-0.999999999999373,3.1347245862027997e-13,90,1.11414213562375,0.6497992529448726,0.24311673443458695,0.36787944117184107,0.3678794411718412,1.3975274643485756,0.039999999999999925
4,16,Cs,Br,4.206317191597292,12,6,2.17,0.08000000000000007,3.46,0.09721899999999906,1.594844000000002,0.024003820300479997,0.0021743379213327464,0.025491199250205755,standard,1.594844000000002,0.2148516120235915,0.00400774063371398,6677.33855393962,2106.73838403845,0.09721899999999906,-0.999999999999373,2.174029582771172e-13,90,1.1206591156139725,0.9511242303481512,0.367879441171841,0.3678794411718413,0.24311673443458695,1.6474091954838528,0.04000000000000015
4,20,Cs,Br,4.206317191597292,12,6,2.17,0.08000000000000007,3.46,0.09721899999999906,1.594844000000002,0.02400382030047967,0.002174337921334877,0.025491199250206084,standard,1.594844000000002,0.21485161202359165,0.004007740633713702,6677.33855393963,2106.7383840384455,0.09721899999999906,-0.999999999999373,3.3796458429668444e-13,90,1.1206591156139505,0.7480244923200114,0.36787944117184107,0.2431167344345869,0.36787944117184107,1.3908274168195383,0.04000000000000026
4,30,Cs,Br,4.206317191597292,12,6,2.17,0.08000000000000007,3.46,0.09721850000000032,1.5948449999999994,0.024003840953564615,0.0019959256599247463,0.02549077445403567,standard,1.5948449999999994,0.2148519158726791,0.004007132935538782,6677.338528610091,2106.738396082016,0.09721850000000032,-0.999999999999373,3.134724586202796e-13,90,1.1141421356237438,0.6252848463375721,0.24311673443458695,0.3678794411718411,0.3678794411718411,1.2016678211127134,0.040000000000000036
4,17,Cs,Br,4.206317191597292,12,6,2.17,0.08000000000000007,3.46,0.09721899999999906,1.594844000000002,0.024003820300480875,0.0021743379213316257,0.025491199250205807,standard,1.594844000000002,0.21485161202359176,0.00400774063371348,6677.33855393962,2106.73838403845,0.09721899999999906,-0.999999999999373,3.3796458429668434e-13,90,1.1206591156139463,0.9559783392014174,0.3678794411718411,0.24311673443458695,0.3678794411718412,1.5245194095833454,0.04000000000000026
4,33,Cs,Br,4.206317191597292,12,6,2.17,0.08000000000000007,3.46,0.09721850000000032,1.5948449999999994,0.024003840953563914,0.0019959256599251128,0.025490774454035678,standard,1.5948449999999994,0.2148519158726788,0.0040071329355393925,6677.338528610117,2106.738396082004,0.09721850000000032,-0.999999999999373,3.1347245862027977e-13,90,1.1141421356237555,0.6371469013828095,0.24311673443458695,0.3678794411718413,0.36787944117184107,1.2823380695430902,0.040000000000000036
4,34,Cs,Br,4.206317191597293,12,6,2.17,0.08000000000000007,3.46,0.09721899999999906,1.594844000000002,0.024003820300480733,0.0021743379213310225,0.025491199250205786,standard,1.594844000000002,0.21485161202359176,0.00400774063371348,6677.338553939635,2106.7383840384427,0.09721899999999906,-0.999999999999373,2.1740295827711742e-13,90,1.1206591156139643,0.6497992529448724,0.3678794411718413,0.367879441171841,0.24311673443458698,1.397527464348575,0.039999999999999925
4,32,Cs,Br,4.206317191597293,12,6,2.17,0.08000000000000007,3.46,0.09721899999999906,1.594844000000002,0.02400382030047906,0.0021743379213362093,0.02549119925020566,standard,1.594844000000002,0.2148516120235913,0.004007740633714396,6677.3385539396495,2106.738384038436,0.09721899999999906,-0.999999999999373,3.3796458429668484e-13,90,1.1206591156139574,0.9648962843349994,0.36787944117184135,0.24311673443458695,0.367879441171841,1.3714655246010903,0.039999999999999925
4,28,Cs,Br,4.206317191597294,12,6,2.17,0.08000000000000007,3.46,0.09721899999999906,1.594844000000002,0.024003820300479737,0.002174337921334901,0.025491199250205925,standard,1.594844000000002,0.21485161202359254,0.004007740633711898,6677.33855393961,2106.738384038454,0.09721899999999906,-0.999999999999373,2.174029582771173e-13,90,1.1206591156139014,0.9714846455632807,0.3678794411718413,0.367879441171841,0.24311673443458695,1.4890644872531622,0.039999999999999925
4,29,Cs,Br,4.206317191597294,12,6,2.17,0.08000000000000007,3.46,0.09721899999999906,1.594844000000002,0.024003820300481253,0.0021743379213307865,0.02549119925020582,standard,1.594844000000002,0.21485161202359138,0.004007740633714202,6677.338553939644,2106.738384038438,0.09721899999999906,-0.999999999999373,3.3796458429668484e-13,90,1.1206591156139767,0.9648962843349994,0.3678794411718413,0.24311673443458695,0.367879441171841,1.3714655246010903,0.039999999999999925
5,30,Cs,Br,4.206317191597292,12,6,2.17,0.08000000000000007,3.46,0.09721800000000158,1.594844000000002,0.024003825718418297,0.001995934756650015,0.025490202863018348,standard,1.594844000000002,0.2148543220453369,0.004011945280854384,6677.338525049148,2106.738394388876,0.09721800000000158,-0.999999999999373,3.91736939505857e-13,90,1.1141421525630057,0.8315000737853346,0.24311673443458695,0.3678794411718412,0.3678794411718411,0.6148008364468269,0.0399999999999997
5,19,Cs,Br,4.206317191597292,12,6,2.17,0.08000000000000007,3.46,0.09721800000000158,1.594844000000002,0.02400382571841886,0.0019959347566468814,0.025490202863018434,standard,1.594844000000002,0.21485432204533617,0.004011945280855883,6677.338525049173,2106.738394388864,0.09721800000000158,-0.999999999999373,3.2620516334086475e-13,90,1.1141421525629907,0.7751792254661394,0.367879441171841,0.3678794411718413,0.24311673443458695,1.0017356417088479,0.03999999999999959
5,25,Cs,Br,4.206317191597291,12,6,2.17,0.08000000000000007,3.46,0.09721800000000158,1.594844000000002,0.024003825718419084,0.0019959347566449624,0.025490202863018143,standard,1.594844000000002,0.21485432204533667,0.004011945280854884,6677.3385250491865,2106.738394388858,0.09721800000000158,-0.999999999999373,3.2620516334086465e-13,90,1.1141421525630315,0.7566482310288636,0.3678794411718413,0.36787944117184107,0.24311673443458695,0.9499460205089107,0.03999999999999959
5,17,Cs,Br,4.206317191597292,12,6,2.17,0.08000000000000007,3.46,0.09721850000000032,1.5948430000000045,0.02400380494133772,0.002174346233590888,0.02549037495269495,standard,1.5948430000000045,0.21485401819624955,0.004012552979029083,6677.338550378678,2106.7383823453097,0.09721850000000032,-0.999999999999373,3.794796219932885e-13,90,1.120659151755828,0.922631640568165,0.36787944117184107,0.24311673443458695,0.3678794411718412,0.9376524249174589,0.039999999999999925
5,36,Cs,Br,4.206317191597292,12,6,2.17,0.08000000000000007,3.46,0.09721800000000158,1.594844000000002,0.024003825718419535,0.0019959347566441176,0.02549020286301836,standard,1.594844000000002,0.21485432204533755,0.00401194528085308,6677.338525049165,2106.738394388868,0.09721800000000158,-0.999999999999373,3.9173693950585705e-13,90,1.1141421525630273,0.701426520786275,0.24311673443458698,0.36787944117184107,0.3678794411718413,0.8106604796826891,0.03999999999999959
5,20,Cs,Br,4.206317191597293,12,6,2.17,0.08000000000000007,3.46,0.09721850000000032,1.5948430000000045,0.02400380494133833,0.002174346233588736,0.025490374952694943,standard,1.5948430000000045,0.21485401819624944,0.004012552979029305,6677.338550378688,2106.7383823453047,0.09721850000000032,-0.999999999999373,3.7947962199328874e-13,90,1.1206591517558377,0.925352848250829,0.367879441171841,0.2431167344345869,0.3678794411718412,0.8039604321536516,0.039999999999999925
5,39,Cs,Br,4.206317191597292,12,6,2.17,0.08000000000000007,3.46,0.09721800000000158,1.594844000000002,0.024003825718418848,0.001995934756646713,0.02549020286301817,standard,1.594844000000002,0.2148543220453369,0.004011945280854384,6677.33852504918,2106.738394388861,0.09721800000000158,-0.999999999999373,3.917369395058574e-13,90,1.1141421525630102,0.872261128385113,0.24311673443458695,0.367879441171841,0.3678794411718413,0.9850373616572698,0.03999999999999959
5,37,Cs,Br,4.206317191597293,12,6,2.17,0.08000000000000007,3.46,0.09721800000000158,1.594844000000002,0.024003825718419858,0.001995934756642842,0.025490202863018046,standard,1.594844000000002,0.21485432204533678,0.004011945280854606,6677.338525049212,2106.738394388845,0.09721800000000158,-0.999999999999373,3.262051633408652e-13,90,1.114142152563029,0.8197580706195595,0.3678794411718413,0.367879441171841,0.24311673443458698,0.7845985399352039,0.03999999999999959
5,31,Cs,Br,4.206317191597294,12,6,2.17,0.08000000000000007,3.46,0.09721800000000158,1.594844000000002,0.024003825718419525,0.0019959347566457903,0.025490202863018084,standard,1.594844000000002,0.21485432204533644,0.0040119452808553,6677.338525049191,2106.7383943888544,0.09721800000000158,-0.999999999999373,3.2620516334086485e-13,90,1.1141421525629682,0.8431935209877875,0.3678794411718413,0.367879441171841,0.24311673443458695,0.9277094077451814,0.0399999999999997
5,29,Cs,Br,4.206317191597294,12,6,2.17,0.08000000000000007,3.46,0.09721850000000032,1.5948430000000045,0.024003804941340294,0.00217434623358489,0.025490374952694895,standard,1.5948430000000045,0.2148540181962492,0.004012552979029804,6677.338550378701,2106.7383823452974,0.09721850000000032,-0.999999999999373,3.79479621993289e-13,90,1.1206591517558497,0.8197580706195596,0.3678794411718413,0.24311673443458695,0.367879441171841,0.7845985399352037,0.03999999999999959
5,33,Cs,Br,4.206317191597295,12,6,2.17,0.08000000000000007,3.46,0.09721800000000158,1.594844000000002,0.02400382571841978,0.001995934756644467,0.025490202863018292,standard,1.594844000000002,0.2148543220453366,0.004011945280854995,6677.338525049174,2106.738394388862,0.09721800000000158,-0.999999999999373,3.9173693950585705e-13,90,1.1141421525630077,0.8561891269050003,0.24311673443458695,0.367879441171841,0.3678794411718413,0.6954710848772038,0.0399999999999997
5,32,Cs,Br,4.206317191597296,12,6,2.17,0.08000000000000007,3.46,0.09721850000000032,1.5948430000000045,0.024003804941338955,0.002174346233587943,0.025490374952695107,standard,1.5948430000000045,0.2148540181962491,0.0040125529790299985,6677.338550378707,2106.738382345294,0.09721850000000032,-0.999999999999373,3.79479621993289e-13,90,1.1206591517558078,0.8197580706195594,0.36787944117184107,0.24311673443458695,0.3678794411718412,0.7845985399352037,0.03999999999999959
6,26,Cs,Br,4.206317191597292,12,6,2.17,0.08000000000000007,3.46,0.09721800000000158,1.594844000000002,0.02400382571842028,0.0019959347566439094,0.02549020286301846,standard,1.594844000000002,0.2148543220453371,0.004011945280857382,6677.338525041705,2106.7383943853165,0.09721800000000158,-0.999999999999373,3.1395037839409553e-13,90,1.1141421525629993,0.6387640602377176,0.36787944117184107,0.2431167344345869,0.36787944117184107,1.0646199340454454,0.039999999999999813
6,33,Cs,Br,4.206317191597292,12,6,2.17,0.08000000000000007,3.46,0.09721800000000158,1.594844000000002,0.024003825718419306,0.001995934756646714,0.025490202863018334,standard,1.594844000000002,0.21485432204533744,0.004011945280856688,6677.33852504171,2106.738394385314,0.09721800000000158,-0.999999999999373,2.780760388420938e-13,90,1.11414215256298,0.6199159666604072,0.2431167344345869,0.36787944117184107,0.36787944117184107,1.0646199340454454,0.040000000000000036
6,30,Cs,Br,4.206317191597292,12,6,2.17,0.08000000000000007,3.46,0.09721800000000158,1.594844000000002,0.024003825718419143,0.0019959347566471256,0.025490202863018365,standard,1.594844000000002,0.21485432204533775,0.004011945280856077,6677.338525041684,2106.7383943853265,0.09721800000000158,-0.999999999999373,2.780760388420937e-13,90,1.1141421525629953,0.5927818236597376,0.24311673443458698,0.3678794411718411,0.3678794411718412,0.9839496856150687,0.040000000000000036
6,23,Cs,Br,4.206317191597292,12,6,2.17,0.08000000000000007,3.46,0.09721800000000158,1.594844000000002,0.024003825718420316,0.001995934756643092,0.025490202863018445,standard,1.594844000000002,0.21485432204533794,0.004011945280855689,6677.338525041693,2106.7383943853224,0.09721800000000158,-0.999999999999373,3.139503783940954e-13,90,1.1141421525630166,0.928197392338391,0.3678794411718411,0.24311673443458695,0.3678794411718412,1.1537473891034455,0.0399999999999997
6,16,Cs,Br,4.206317191597292,12,6,2.17,0.08000000000000007,3.46,0.09721850000000032,1.5948430000000045,0.02382539552539238,0.0018001447032745441,0.024713667652167072,standard,1.5948430000000045,0.21485401819625016,0.004012552979031275,6677.3385503712125,2106.7383823417613,0.09721850000000032,-0.999999999999373,1.924664588024197e-13,90,1.0,0.9724298178004862,0.3678794411718413,0.3678794411718411,0.24311673443458698,1.429691059986208,0.04000000000000015
6,28,Cs,Br,4.206317191597293,12,6,2.17,0.08000000000000007,3.46,0.09721850000000032,1.5948430000000045,0.023825395525392038,0.0018001447032755915,0.02471366765216689,standard,1.5948430000000045,0.2148540181962512,0.004012552979029194,6677.338550371203,2106.738382341765,0.09721850000000032,-0.999999999999373,1.9246645880241983e-13,90,1.0,0.9584387253324577,0.3678794411718411,0.367879441171841,0.2431167344345869,1.2713463517555175,0.039999999999999925
6,22,Cs,Br,4.206317191597293,12,6,2.17,0.08000000000000007,3.46,0.09721850000000032,1.5948430000000045,0.024003804941339208,0.0021743462335863666,0.02549037495269492,standard,1.5948430000000045,0.21485401819625033,0.004012552979030887,6677.33855037121,2106.738382341762,0.09721850000000032,-0.999999999999373,1.924664588024199e-13,90,1.1206591517558124,0.9067945158654087,0.3678794411718409,0.36787944117184135,0.24311673443458695,1.4489992795249291,0.040000000000000036
6,39,Cs,Br,4.206317191597293,12,6,2.17,0.08000000000000007,3.46,0.09721800000000158,1.594844000000002,0.024003825718419303,0.0019959347566447573,0.025490202863017945,standard,1.594844000000002,0.21485432204533775,0.004011945280856077,6677.338525041716,2106.738394385311,0.09721800000000158,-0.999999999999373,2.78076038842094e-13,90,1.1141421525630741,0.749490483843069,0.24311673443458695,0.36787944117184135,0.367879441171841,1.3541862108255116,0.039999999999999925
6,36,Cs,Br,4.206317191597294,12,6,2.17,0.08000000000000007,3.46,0.09721800000000158,1.594844000000002,0.02400382571842007,0.001995934756642476,0.025490202863018334,standard,1.594844000000002,0.2148543220453384,0.004011945280854773,6677.3385250417,2106.738394385318,0.09721800000000158,-0.999999999999373,2.780760388420939e-13,90,1.1141421525630275,0.7593795043342494,0.24311673443458695,0.3678794411718413,0.367879441171841,1.1798093288509308,0.039999999999999925
6,38,Cs,Br,4.206317191597294,12,6,2.17,0.08000000000000007,3.46,0.09721800000000158,1.594844000000002,0.024003825718419167,0.0019959347566457656,0.025490202863018455,standard,1.594844000000002,0.2148543220453375,0.004011945280856577,6677.338525041709,2106.738394385314,0.09721800000000158,-0.999999999999373,3.139503783940959e-13,90,1.11414215256297,0.9054927552927338,0.36787944117184146,0.24311673443458695,0.3678794411718409,1.3269678949633579,0.039999999999999813
6,35,Cs,Br,4.206317191597295,12,6,2.17,0.08000000000000007,3.46,0.09721800000000158,1.594844000000002,0.024003825718420566,0.0019959347566423555,0.02549020286301826,standard,1.594844000000002,0.21485432204533744,0.004011945280856688,6677.3385250417,2106.7383943853174,0.09721800000000158,-0.999999999999373,3.139503783940956e-13,90,1.1141421525630284,0.9308063673879473,0.3678794411718413,0.24311673443458695,0.367879441171841,1.1736720173007111,0.040000000000000036
6,34,Cs,Br,4.206317191597296,12,6,2.17,0.08000000000000007,3.46,0.09721850000000032,1.5948430000000045,0.02382539552539177,0.0018001447032733198,0.024713667652166774,standard,1.5948430000000045,0.21485401819625038,0.004012552979030776,6677.338550371228,2106.738382341752,0.09721850000000032,-0.999999999999373,1.9246645880241995e-13,90,1.0,0.7593795043342494,0.3678794411718413,0.36787944117184107,0.24311673443458695,1.1798093288509304,0.039999999999999925
7,30,Cs,Br,4.206317191597292,12,6,2.17,0.08000000000000007,3.46,0.09721800000000158,1.594844000000002,0.02400381069163023,0.0019959435475047607,0.025489636329836692,standard,1.594844000000002,0.21485631594821059,0.004015933086601781,6677.338521475538,2106.7383926897123,0.09721800000000158,-0.999999999999373,2.780760388420936e-13,90,1.1141421356237442,0.9511294154751888,0.24311673443458698,0.3678794411718411,0.3678794411718412,1.0181720585377327,0.039999999999999925
7,23,Cs,Br,4.206317191597292,12,6,2.17,0.08000000000000007,3.46,0.09721800000000158,1.594844000000002,0.024003810691630975,0.0019959435475039033,0.025489636329836637,standard,1.594844000000002,0.2148563159482108,0.004015933086601392,6677.338521475547,2106.738392689708,0.09721800000000158,-0.999999999999373,2.6348414156070346e-13,90,1.114142135623761,0.709673438152845,0.3678794411718411,0.24311673443458695,0.3678794411718412,1.1879697620261096,0.03999999999999959
7,19,Cs,Br,4.206317191597292,12,6,2.17,0.08000000000000007,3.46,0.09721800000000158,1.594844000000002,0.024003810691632852,0.001995943547497697,0.025489636329836796,standard,1.594844000000002,0.21485631594820986,0.004015933086603279,6677.338521475563,2106.7383926897005,0.09721800000000158,-0.999999999999373,8.889539090486481e-14,90,1.114142135623806,0.584245564873078,0.3678794411718413,0.3678794411718411,0.24311673443458698,1.405106863799754,0.039999999999999813
7,31,Cs,Br,4.206317191597293,12,6,2.17,0.08000000000000007,3.46,0.09721800000000158,1.594844000000002,0.024003810691630163,0.0019959435475089514,0.02548963632983653,standard,1.594844000000002,0.21485631594821014,0.0040159330866026965,6677.338521475581,2106.7383926896914,0.09721800000000158,-0.999999999999373,8.889539090486491e-14,90,1.1141421356237529,0.69545796506936,0.3678794411718411,0.367879441171841,0.2431167344345869,1.3310806298360873,0.039999999999999925
7,25,Cs,Br,4.206317191597293,12,6,2.17,0.08000000000000007,3.46,0.09721800000000158,1.594844000000002,0.02400381069163021,0.0019959435475101414,0.02548963632983662,standard,1.594844000000002,0.21485631594821036,0.00401593308660228,6677.338521475576,2106.7383926896937,0.09721800000000158,-0.999999999999373,8.889539090486477e-14,90,1.1141421356237746,0.5834934228143999,0.3678794411718409,0.36787944117184135,0.24311673443458695,1.3533172425998166,0.039999999999999813
7,36,Cs,Br,4.206317191597293,12,6,2.17,0.08000000000000007,3.46,0.09721800000000158,1.594844000000002,0.024003810691630705,0.001995943547506573,0.025489636329836564,standard,1.594844000000002,0.21485631594821125,0.004015933086600476,6677.338521475554,2106.738392689704,0.09721800000000158,-0.999999999999373,2.7807603884209393e-13,90,1.1141421356237733,0.6168560759564966,0.24311673443458695,0.3678794411718413,0.367879441171841,1.2140317017735949,0.039999999999999813
7,35,Cs,Br,4.206317191597294,12,6,2.17,0.08000000000000007,3.46,0.09721800000000158,1.594844000000002,0.02400381069163036,0.0019959435475079236,0.025489636329836685,standard,1.594844000000002,0.2148563159482103,0.004015933086602391,6677.338521475554,2106.7383926897037,0.09721800000000158,-0.999999999999373,2.634841415607038e-13,90,1.1141421356237606,0.7280861932826147,0.36787944117184135,0.24311673443458695,0.3678794411718409,1.2078943902233752,0.039999999999999925
7,33,Cs,Br,4.206317191597294,12,6,2.17,0.08000000000000007,3.46,0.09721800000000158,1.594844000000002,0.02400381069163114,0.00199594354750409,0.025489636329836758,standard,1.594844000000002,0.2148563159482103,0.004015933086602391,6677.3385214755635,2106.738392689699,0.09721800000000158,-0.999999999999373,2.780760388420936e-13,90,1.1141421356237848,0.9548279463163784,0.24311673443458695,0.3678794411718409,0.36787944117184135,1.0988423069681095,0.039999999999999925
7,26,Cs,Br,4.206317191597294,12,6,2.17,0.08000000000000007,3.46,0.09721800000000158,1.594844000000002,0.024003810691632346,0.0019959435474977876,0.025489636329836567,standard,1.594844000000002,0.21485631594820995,0.004015933086603085,6677.338521475559,2106.7383926897014,0.09721800000000158,-0.999999999999373,2.6348414156070346e-13,90,1.114142135623751,0.952756542695051,0.3678794411718409,0.24311673443458695,0.36787944117184135,1.0988423069681095,0.0399999999999997
7,39,Cs,Br,4.206317191597296,12,6,2.17,0.08000000000000007,3.46,0.09721800000000158,1.594844000000002,0.024003810691629587,0.0019959435475101544,0.025489636329836477,standard,1.594844000000002,0.21485631594821059,0.004015933086601781,6677.33852147557,2106.7383926896955,0.09721800000000158,-0.999999999999373,2.78076038842094e-13,90,1.1141421356237675,0.814867767024184,0.24311673443458695,0.36787944117184107,0.3678794411718412,1.3884085837481757,0.039999999999999813
7,37,Cs,Br,4.206317191597296,12,6,2.17,0.08000000000000007,3.46,0.09721800000000158,1.594844000000002,0.024003810691630822,0.001995943547505703,0.02548963632983655,standard,1.594844000000002,0.21485631594821047,0.004015933086602003,6677.338521475602,2106.73839268968,0.09721800000000158,-0.999999999999373,8.889539090486496e-14,90,1.1141421356238084,0.7096734381528451,0.3678794411718413,0.36787944117184107,0.24311673443458695,1.1879697620261096,0.039999999999999813
7,38,Cs,Br,4.206317191597297,12,6,2.17,0.08000000000000007,3.46,0.09721800000000158,1.594844000000002,0.024003810691628824,0.001995943547513342,0.02548963632983646,standard,1.594844000000002,0.21485631594821036,0.00401593308660228,6677.338521475562,2106.7383926896987,0.09721800000000158,-0.999999999999373,2.634841415607038e-13,90,1.1141421356237426,0.8920011841480109,0.3678794411718411,0.24311673443458695,0.3678794411718411,1.361190267886022,0.0399999999999997
8,30,Pb,Br,2.9743154099999995,6,6,1.16,0.77,2.58,0.25301350000000156,1.9064350000000019,0.2298140940167605,0.01331251319892037,0.23499255144683803,standard,1.9064350000000019,0.18647312065457095,0.0527504575006775,3226.493499822841,658.9482303979449,0.25301350000000156,-0.9999999999994754,7.390286590871825e-14,42,1.1141422452095824,0.9678250932632071,0.9999999999999998,0.24311673443458695,0.24311673443458695,0.11445063153696755,0.039999999999999925
8,18,Pb,Br,2.97431541,6,6,1.16,0.77,2.58,0.2530140000000003,1.9064340000000044,0.2299380776752182,0.012977790455483066,0.23499630406234587,standard,1.9064340000000044,0.186472816805484,0.05274984980250358,3226.493525152413,658.9482133657416,0.2530140000000003,-0.9999999999994754,7.390286590871831e-14,42,1.1141422415353222,0.9663027617993881,0.9999999999999997,0.24311673443458695,0.24311673443458695,0.405365131634424,0.040000000000000036
8,19,Pb,Br,2.9743154099999995,6,6,1.16,0.77,2.58,0.25301350000000156,1.9064350000000019,0.22981409401676062,0.013312513198921532,0.2349925514468388,standard,1.9064350000000019,0.18647312065457022,0.052750457500676,3226.4934998228655,658.9482303979282,0.25301350000000156,-0.9999999999994754,4.674027637711181e-14,42,1.114142245209609,0.7459903714048491,0.24311673443458695,0.24311673443458695,0.9999999999999999,0.5013854367989886,0.039999999999999813
8,23,Pb,Br,2.974315409999999,6,6,1.16,0.77,2.58,0.25301350000000156,1.9064350000000019,0.22981409401676767,0.013312513198888378,0.23499255144683867,standard,1.9064350000000019,0.18647312065457117,0.05275045750067789,3226.49349982285,658.9482303979388,0.25301350000000156,-0.9999999999994754,7.39028659087182e-14,42,1.114142245209581,0.577350269189626,0.24311673443458695,0.9999999999999998,0.24311673443458695,0.2842483350253443,0.03999999999999959
8,17,Pb,Br,2.97431541,6,6,1.16,0.77,2.58,0.2530140000000003,1.9064340000000044,0.22993807767522723,0.012977790455464858,0.23499630406234545,standard,1.9064340000000044,0.1864728168054836,0.0527498498025028,3226.49352515237,658.9482133657706,0.2530140000000003,-0.9999999999994754,7.390286590871826e-14,42,1.1141422415353612,0.7320857693928342,0.24311673443458695,0.9999999999999997,0.24311673443458695,0.43730222000759955,0.04000000000000015
8,16,Pb,Br,2.97431541,6,6,1.16,0.77,2.58,0.2530140000000003,1.9064340000000044,0.22993807767523516,0.012977790455456353,0.23499630406234748,standard,1.9064340000000044,0.18647281680548336,0.0527498498025023,3226.49352515237,658.9482133657706,0.2530140000000003,-0.9999999999994754,4.674027637711185e-14,42,1.11414224153527,0.6644576964753643,0.24311673443458695,0.24311673443458695,0.9999999999999999,0.5601920059081069,0.040000000000000036
9,33,Pb,Br,2.9743154099999995,6,6,1.16,0.77,2.58,0.25301350000000156,1.9064350000000019,0.22981409401677763,0.01331251319886922,0.23499255144683825,standard,1.9064350000000019,0.18647312065457125,0.052750457500675696,3226.4934998228955,658.9482303979466,0.25301350000000156,-0.9999999999994754,1.478057318174366e-13,42,1.11414224520958,0.7717899068500015,0.9999999999999991,0.24311673443458695,0.24311673443458695,0.010271501886969236,0.039999999999999925
9,19,Pb,Br,2.974315410000001,6,6,1.16,0.77,2.58,0.25301350000000156,1.9064350000000019,0.22981409401677458,0.013312513198870713,0.23499255144683995,standard,1.9064350000000019,0.1864731206545708,0.05275045750067481,3226.493499822894,658.9482303979472,0.25301350000000156,-0.9999999999994754,1.869611055084472e-13,42,1.114142245209537,0.7835391215548938,0.24311673443458695,0.24311673443458695,0.9999999999999999,0.295993054944675,0.039999999999999813
9,26,Pb,Br,2.974315409999999,6,6,1.16,0.77,2.58,0.25301350000000156,1.9064350000000019,0.22981409401677966,0.013312513198858613,0.2349925514468374,standard,1.9064350000000019,0.1864731206545709,0.052750457500675,3226.49349982289,658.9482303979502,0.25301350000000156,-0.9999999999994754,1.478057318174365e-13,42,1.1141422452095313,0.7833441461038507,0.24311673443458695,0.9999999999999991,0.24311673443458695,0.010271501886969236,0.0399999999999997
9,16,Pb,Br,2.974315409999999,6,6,1.16,0.77,2.58,0.2530140000000003,1.9064340000000044,0.22993807767523206,0.01297779045545678,0.23499630406234723,standard,1.9064340000000044,0.18647281680548394,0.05274984980250111,3226.4935251523984,658.9482133657901,0.2530140000000003,-0.9999999999994754,1.8696110550844735e-13,42,1.114142241535298,0.9131554916573124,0.24311673443458695,0.24311673443458695,0.9999999999999999,0.3547996240537933,0.040000000000000036
9,20,Pb,Br,2.97431541,6,6,1.16,0.77,2.58,0.2530140000000003,1.9064340000000044,0.22993807767522131,0.012977790455483567,0.23499630406234612,standard,1.9064340000000044,0.1864728168054841,0.052749849802501386,3226.4935251524093,658.9482133657827,0.2530140000000003,-0.9999999999994754,1.4780573181743667e-13,42,1.1141422415353173,0.8647419007487918,0.24311673443458695,0.9999999999999998,0.24311673443458695,0.09821784538947864,0.04000000000000015
9,21,Pb,Br,2.97431541,6,6,1.16,0.77,2.58,0.2530140000000003,1.9064340000000044,0.22993807767523372,0.012977790455455268,0.2349963040623473,standard,1.9064340000000044,0.1864728168054844,0.052749849802502,3226.4935251524516,658.9482133657541,0.2530140000000003,-0.9999999999994754,1.4780573181743675e-13,42,1.1141422415352953,0.7993981259545724,0.9999999999999998,0.24311673443458695,0.24311673443458695,0.10554382459952494,0.039999999999999813
10,25,Pb,Br,2.974315409999999,6,6,1.16,0.77,2.58,0.25301350000000156,1.9064350000000019,0.22981409401676872,0.013312513198882462,0.2349925514468384,standard,1.9064350000000019,0.1864731206545714,0.05275045750067561,3226.4934998228837,658.9482303979221,0.25301350000000156,-0.9999999999994754,4.6740276377111844e-14,42,1.1141422452095642,0.9762555488910495,0.24311673443458695,0.24311673443458695,0.9999999999999999,0.49518019748790465,0.039999999999999925
10,36,Pb,Br,2.9743154099999995,6,6,1.16,0.77,2.58,0.25301350000000156,1.9064350000000019,0.22981409401675632,0.013312513198936293,0.23499255144683895,standard,1.9064350000000019,0.1864731206545723,0.05275045750067742,3226.493499822862,658.948230397937,0.25301350000000156,-0.9999999999994754,7.390286590871826e-14,42,1.1141422452095289,0.9685278894061838,0.9999999999999998,0.24311673443458695,0.24311673443458695,0.35589465666168296,0.039999999999999925
10,17,Pb,Br,2.974315409999999,6,6,1.16,0.77,2.58,0.2530140000000003,1.9064340000000044,0.22993807767523292,0.012977790455457452,0.23499630406234606,standard,1.9064340000000044,0.1864728168054843,0.052749849802501414,3226.4935251523743,658.9482133657739,0.2530140000000003,-0.9999999999994754,7.390286590871834e-14,42,1.1141422415353104,0.6598625060557488,0.24311673443458695,0.9999999999999998,0.24311673443458695,0.4828866018964528,0.04000000000000026
10,22,Pb,Br,2.97431541,6,6,1.16,0.77,2.58,0.2530140000000003,1.9064340000000044,0.2299380776752376,0.012977790455446376,0.23499630406234692,standard,1.9064340000000044,0.18647281680548425,0.0527498498025013,3226.493525152371,658.9482133657757,0.2530140000000003,-0.9999999999994754,4.674027637711185e-14,42,1.1141422415353326,0.9582192627078601,0.24311673443458695,0.24311673443458695,0.9999999999999999,0.6250846073356812,0.040000000000000036
10,24,Pb,Br,2.97431541,6,6,1.16,0.77,2.58,0.2530140000000003,1.9064340000000044,0.2299380776752251,0.012977790455469002,0.23499630406234645,standard,1.9064340000000044,0.18647281680548433,0.0527498498025015,3226.4935251524284,658.9482133657373,0.2530140000000003,-0.9999999999994754,7.390286590871835e-14,42,1.1141422415353297,0.6425468654431333,0.9999999999999997,0.24311673443458695,0.24311673443458695,0.1646109467309238,0.040000000000000036
10,23,Pb,Br,2.9743154100000018,6,6,1.16,0.77,2.58,0.25301350000000156,1.9064350000000019,0.22981409401677483,0.01331251319888823,0.23499255144683903,standard,1.9064350000000019,0.18647312065457183,0.0527504575006765,3226.4934998228546,658.9482303979412,0.25301350000000156,-0.9999999999994754,7.390286590871829e-14,42,1.1141422452095386,0.6574150207885358,0.24311673443458695,0.9999999999999997,0.24311673443458695,0.3298327169141976,0.0399999999999997
11,22,Pb,Br,2.9743154099999973,6,6,1.16,0.77,2.58,0.2530140000000003,1.9064340000000044,0.2299380776752394,0.012977790455439982,0.2349963040623485,standard,1.9064340000000044,0.1864728168054836,0.05274984980250261,3226.4935251523766,658.9482133657799,0.2530140000000003,-0.9999999999994754,7.413613891623275e-29,42,1.1141422415353006,0.9703683237062204,0.24311673443458695,0.24311673443458695,0.9999999999999999,0.6601206372032259,0.040000000000000036
11,20,Pb,Br,2.974315409999999,6,6,1.16,0.77,2.58,0.2530140000000003,1.9064340000000044,0.22993807767523128,0.01297779045546597,0.23499630406234628,standard,1.9064340000000044,0.18647281680548355,0.052749849802502496,3226.4935251523902,658.9482133657704,0.2530140000000003,-0.9999999999994754,6.610073276157837e-14,42,1.1141422415352769,0.6116404140702647,0.24311673443458695,0.9999999999999998,0.24311673443458695,0.3842306390001903,0.04000000000000026
11,39,Pb,Br,2.9743154099999995,6,6,1.16,0.77,2.58,0.25301350000000156,1.9064350000000019,0.2298140940167786,0.013312513198856096,0.23499255144683917,standard,1.9064350000000019,0.186473120654571,0.05275045750067742,3226.4934998228828,658.9482303979299,0.25301350000000156,-0.9999999999994754,6.610073276157833e-14,42,1.1141422452095187,0.8458622075303099,0.9999999999999998,0.24311673443458695,0.24311673443458695,0.5653075685038085,0.039999999999999925
11,27,Pb,Br,2.97431541,6,6,1.16,0.77,2.58,0.2530140000000003,1.9064340000000044,0.22993807767523256,0.012977790455462435,0.23499630406234703,standard,1.9064340000000044,0.18647281680548317,0.05274984980250172,3226.4935251524475,658.9482133657317,0.2530140000000003,-0.9999999999994754,6.610073276157841e-14,42,1.114142241535317,0.8357237740357852,0.9999999999999998,0.24311673443458695,0.24311673443458695,0.570297998911386,0.04000000000000048
11,25,Pb,Br,2.9743154100000027,6,6,1.16,0.77,2.58,0.25301350000000156,1.9064350000000019,0.22981409401676955,0.013312513198880126,0.23499255144683856,standard,1.9064350000000019,0.18647312065457075,0.05275045750067692,3226.493499822889,658.9482303979249,0.25301350000000156,-0.9999999999994754,7.139953862332619e-29,42,1.1141422452095568,0.9762538466936415,0.24311673443458695,0.24311673443458695,0.9999999999999999,0.5302162273554494,0.039999999999999925
11,26,Pb,Br,2.9743154100000018,6,6,1.16,0.77,2.58,0.25301350000000156,1.9064350000000019,0.22981409401678604,0.013312513198848656,0.2349925514468383,standard,1.9064350000000019,0.18647312065457033,0.05275045750067611,3226.493499822872,658.9482303979371,0.25301350000000156,-0.9999999999994754,6.610073276157833e-14,42,1.1141422452095788,0.577350269189626,0.24311673443458695,0.9999999999999998,0.24311673443458695,0.2757412917237424,0.039999999999999813
12,31,Pb,Br,2.974315409999999,6,6,1.16,0.77,2.58,0.25301350000000156,1.9064350000000019,0.22981409401676253,0.013312513198897199,0.2349925514468397,standard,1.9064350000000019,0.18647312065457078,0.052750457500676,3226.4934998227427,658.9482303978211,0.25301350000000156,-0.9999999999994754,4.6740276377111856e-14,42,1.1141422452095495,0.9642824993855023,0.24311673443458695,0.24311673443458695,0.9999999999999999,0.5064795928476301,0.039999999999999925
12,18,Pb,Br,2.974315409999999,6,6,1.16,0.77,2.58,0.2530140000000003,1.9064340000000044,0.22993807767522567,0.012977790455462018,0.23499630406234634,standard,1.9064340000000044,0.18647281680548428,0.052749849802502996,3226.493525152272,658.948213365647,0.2530140000000003,-0.9999999999994754,1.362701515533566e-13,42,1.1141422415352618,0.580569964504385,0.9999999999999998,0.24311673443458695,0.24311673443458695,0.4844855216467321,0.040000000000000036
12,35,Pb,Br,2.974315409999999,6,6,1.16,0.77,2.58,0.25301350000000156,1.9064350000000019,0.22981409401676958,0.013312513198904646,0.23499255144683923,standard,1.9064350000000019,0.18647312065457095,0.05275045750067631,3226.4934998227163,658.9482303978389,0.25301350000000156,-0.9999999999994754,1.3627015155335673e-13,42,1.1141422452095293,0.9309292399903127,0.24311673443458695,0.9999999999999991,0.24311673443458695,0.3832933532349181,0.039999999999999925
12,30,Pb,Br,2.974315410000001,6,6,1.16,0.77,2.58,0.25301350000000156,1.9064350000000019,0.22981409401676703,0.013312513198884754,0.2349925514468385,standard,1.9064350000000019,0.18647312065457125,0.05275045750067692,3226.4934998227,658.9482303978498,0.25301350000000156,-0.9999999999994754,1.362701515533566e-13,42,1.1141422452095395,0.5773502691896257,0.9999999999999997,0.24311673443458695,0.24311673443458695,0.19357102154927563,0.039999999999999925
12,29,Pb,Br,2.97431541,6,6,1.16,0.77,2.58,0.2530140000000003,1.9064340000000044,0.2299380776752296,0.012977790455467032,0.23499630406234567,standard,1.9064340000000044,0.18647281680548355,0.0527498498025015,3226.4935251522525,658.94821336566,0.2530140000000003,-0.9999999999994754,1.3627015155335678e-13,42,1.1141422415353157,0.9290739493416987,0.24311673443458695,0.9999999999999998,0.24311673443458695,0.3633687250376524,0.039999999999999813
12,28,Pb,Br,2.97431541,6,6,1.16,0.77,2.58,0.2530140000000003,1.9064340000000044,0.22993807767522853,0.012977790455468898,0.23499630406234728,standard,1.9064340000000044,0.1864728168054847,0.0527498498025038,3226.4935251522193,658.9482133656822,0.2530140000000003,-0.9999999999994754,4.674027637711185e-14,42,1.1141422415353142,0.9598763387731032,0.24311673443458695,0.24311673443458695,0.9999999999999999,0.4809676876897244,0.039999999999999813
13,28,Pb,Br,2.9743154099999973,6,6,1.16,0.77,2.58,0.2530140000000003,1.9064340000000044,0.2299380776752349,0.012977790455461064,0.234996304062347,standard,1.9064340000000044,0.18647281680548525,0.05274984980250269,3226.493525152232,658.9482133656915,0.2530140000000003,-0.9999999999994754,2.145701662201152e-28,42,1.1141422415353004,0.5773502691896257,0.24311673443458695,0.24311673443458695,0.9999999999999999,0.5295053240421195,0.039999999999999925
13,32,Pb,Br,2.97431541,6,6,1.16,0.77,2.58,0.2530140000000003,1.9064340000000044,0.22993807767522562,0.01297779045547056,0.23499630406234637,standard,1.9064340000000044,0.186472816805484,0.05274984980250019,3226.493525152271,658.9482133656644,0.2530140000000003,-0.9999999999994754,1.3220146552315684e-13,42,1.1141422415353552,0.5773502691896257,0.24311673443458695,1.0,0.24311673443458695,0.41190636139004744,0.039999999999999925
13,38,Pb,Br,2.974315409999999,6,6,1.16,0.77,2.58,0.25301350000000156,1.9064350000000019,0.22981409401676187,0.013312513198909557,0.23499255144683884,standard,1.9064350000000019,0.18647312065457156,0.05275045750067531,3226.493499822737,658.9482303978424,0.25301350000000156,-0.9999999999994754,1.3220146552315682e-13,42,1.1141422452095409,0.794121545779449,0.24311673443458695,0.9999999999999991,0.24311673443458695,0.5851268672499598,0.039999999999999813
13,33,Pb,Br,2.974315410000001,6,6,1.16,0.77,2.58,0.25301350000000156,1.9064350000000019,0.22981409401677105,0.01331251319888186,0.23499255144683787,standard,1.9064350000000019,0.1864731206545715,0.052750457500675196,3226.4934998227386,658.9482303978408,0.25301350000000156,-0.9999999999994754,1.3220146552315661e-13,42,1.1141422452095657,0.975272556822777,0.9999999999999998,0.24311673443458695,0.24311673443458695,0.32277890633204753,0.040000000000000036
13,21,Pb,Br,2.974315409999999,6,6,1.16,0.77,2.58,0.2530140000000003,1.9064340000000044,0.22993807767523128,0.01297779045546733,0.23499630406234623,standard,1.9064340000000044,0.18647281680548466,0.0527498498025015,3226.4935251522948,658.9482133656488,0.2530140000000003,-0.9999999999994754,1.3220146552315666e-13,42,1.1141422415352586,0.9697684697273367,0.9999999999999998,0.24311673443458695,0.24311673443458695,0.4385942328185417,0.039999999999999925
13,31,Pb,Br,2.9743154100000027,6,6,1.16,0.77,2.58,0.25301350000000156,1.9064350000000019,0.22981409401677227,0.013312513198869533,0.23499255144683925,standard,1.9064350000000019,0.18647312065457133,0.05275045750067489,3226.4934998227554,658.948230397829,0.25301350000000156,-0.9999999999994754,2.1419861586997853e-28,42,1.1141422452095504,0.5773502691896257,0.24311673443458695,0.24311673443458695,0.9999999999999999,0.5550172292000252,0.040000000000000036
14,34,Pb,Br,2.97431541,6,6,1.16,0.77,2.58,0.2530140000000003,1.9064340000000044,0.2299380776752388,0.012977790455448696,0.23499630406234678,standard,1.9064340000000044,0.18647281680548486,0.052749849802500304,3226.4935251522684,658.9482133656821,0.2530140000000003,-0.9999999999994754,4.674027637711186e-14,42,1.1141422415352766,0.9502245533939677,0.24311673443458695,0.24311673443458695,0.9999999999999999,0.11412431057229766,0.039999999999999925
14,37,Pb,Br,2.974315409999999,6,6,1.16,0.77,2.58,0.25301350000000156,1.9064350000000019,0.229814094016761,0.01331251319890922,0.23499255144683798,standard,1.9064350000000019,0.1864731206545721,0.05275045750067478,3226.4934998227886,658.9482303978235,0.25301350000000156,-0.9999999999994754,4.6740276377111787e-14,42,1.11414224520957,0.577350269189626,0.24311673443458695,0.24311673443458695,0.9999999999999999,0.08806237082481294,0.039999999999999925
14,29,Pb,Br,2.974315409999999,6,6,1.16,0.77,2.58,0.2530140000000003,1.9064340000000044,0.22993807767522834,0.012977790455461092,0.23499630406234728,standard,1.9064340000000044,0.1864728168054845,0.05274984980249958,3226.493525152277,658.9482133656767,0.2530140000000003,-0.9999999999994754,3.305036638078919e-14,42,1.1141422415353495,0.5773502691896257,0.24311673443458695,0.9999999999999998,0.24311673443458695,0.08806237082481272,0.039999999999999925
14,24,Pb,Br,2.974315409999999,6,6,1.16,0.77,2.58,0.2530140000000003,1.9064340000000044,0.22993807767522534,0.012977790455474716,0.234996304062347,standard,1.9064340000000044,0.1864728168054849,0.05274984980250039,3226.4935251523075,658.9482133656562,0.2530140000000003,-0.9999999999994754,3.305036638078919e-14,42,1.1141422415353255,0.6340842483845883,0.9999999999999997,0.24311673443458695,0.24311673443458695,0.07715939935846106,0.040000000000000036
14,36,Pb,Br,2.9743154100000018,6,6,1.16,0.77,2.58,0.25301350000000156,1.9064350000000019,0.22981409401677477,0.013312513198880233,0.23499255144683726,standard,1.9064350000000019,0.18647312065457286,0.05275045750067631,3226.493499822741,658.9482303978551,0.25301350000000156,-0.9999999999994754,3.305036638078912e-14,42,1.1141422452095644,0.9502245533939676,0.9999999999999998,0.24311673443458695,0.24311673443458695,0.1141243105722981,0.039999999999999925
14,35,Pb,Br,2.9743154100000018,6,6,1.16,0.77,2.58,0.25301350000000156,1.9064350000000019,0.22981409401677688,0.01331251319886453,0.2349925514468391,standard,1.9064350000000019,0.1864731206545719,0.05275045750067439,3226.493499822741,658.9482303978548,0.25301350000000156,-0.9999999999994754,3.305036638078913e-14,42,1.1141422452095446,0.5845144803825295,0.24311673443458695,1.0,0.24311673443458695,0.10798699902207842,0.040000000000000036
15,32,Pb,Br,2.974315409999999,6,6,1.16,0.77,2.58,0.2530140000000003,1.9064340000000044,0.22993807767523639,0.012977790455446031,0.2349963040623458,standard,1.9064340000000044,0.18647281680548355,0.05274984980250111,3226.493525152303,658.948213365686,0.2530140000000003,-0.9999999999994754,5.644629148371844e-29,42,1.1141422415353202,0.5773502691896258,0.24311673443458695,1.0,0.24311673443458695,0.06455453036601055,0.039999999999999925
15,34,Pb,Br,2.974315409999999,6,6,1.16,0.77,2.58,0.2530140000000003,1.9064340000000044,0.2299380776752376,0.012977790455436622,0.23499630406234567,standard,1.9064340000000044,0.186472816805484,0.052749849802502025,3226.4935251522884,658.9482133656958,0.2530140000000003,-0.9999999999994754,3.7865323450608567e-29,42,1.1141422415352984,0.5773502691896258,0.24311673443458695,0.24311673443458695,0.9999999999999999,0.03849259061852561,0.039999999999999925
15,27,Pb,Br,2.974315409999999,6,6,1.16,0.77,2.58,0.2530140000000003,1.9064340000000044,0.22993807767522134,0.01297779045547437,0.23499630406234562,standard,1.9064340000000044,0.1864728168054835,0.052749849802501025,3226.493525152341,658.9482133656603,0.2530140000000003,-0.9999999999994754,5.644629148371844e-29,42,1.1141422415353137,0.8704836920247695,0.9999999999999998,0.24311673443458695,0.24311673443458695,0.14087472176363314,0.04000000000000048
15,37,Pb,Br,2.9743154100000027,6,6,1.16,0.77,2.58,0.25301350000000156,1.9064350000000019,0.22981409401677272,0.013312513198883193,0.23499255144683887,standard,1.9064350000000019,0.18647312065457122,0.0527504575006765,3226.4934998228086,658.9482303978361,0.25301350000000156,-0.9999999999994754,3.7865323450608567e-29,42,1.1141422452095047,0.5773502691896258,0.24311673443458695,0.24311673443458695,0.9999999999999999,0.06455453036601033,0.039999999999999925
15,38,Pb,Br,2.9743154100000018,6,6,1.16,0.77,2.58,0.25301350000000156,1.9064350000000019,0.22981409401677197,0.013312513198885387,0.2349925514468385,standard,1.9064350000000019,0.1864731206545711,0.05275045750067622,3226.4934998227686,658.9482303978632,0.25301350000000156,-0.9999999999994754,1.0709930793498926e-28,42,1.114142245209582,0.794121545779449,0.24311673443458695,1.0,0.24311673443458695,0.10866597549390178,0.039999999999999813
15,39,Pb,Br,2.9743154100000018,6,6,1.16,0.77,2.58,0.25301350000000156,1.9064350000000019,0.22981409401677141,0.013312513198882815,0.23499255144683892,standard,1.9064350000000019,0.18647312065457133,0.05275045750067672,3226.4934998227764,658.9482303978579,0.25301350000000156,-0.9999999999994754,7.139953862332619e-29,42,1.114142245209547,0.8601929816642451,0.9999999999999998,0.24311673443458695,0.24311673443458695,0.13588429135605562,0.039999999999999925
16,9,Br,Pb,2.9743154099999987,6,6,1.16,0.77,2.58,0.2530140000000003,1.9064340000000044,0.22993807767523228,0.01297779045545676,0.23499630406234817,standard,1.9064340000000044,0.18647281680548394,0.05274984980250111,3226.4935251523984,658.9482133657903,0.2530140000000003,0.9999999999994754,1.8696110550844735e-13,42,1.114142241535298,0.9131554916573124,0.24311673443458695,0.24311673443458695,0.9999999999999999,0.3547996240537933,0.040000000000000036
16,8,Br,Pb,2.97431541,6,6,1.16,0.77,2.58,0.2530140000000003,1.9064340000000044,0.22993807767523516,0.012977790455456353,0.23499630406234748,standard,1.9064340000000044,0.18647281680548336,0.0527498498025023,3226.49352515237,658.9482133657706,0.2530140000000003,0.9999999999994754,4.674027637711185e-14,42,1.11414224153527,0.6644576964753643,0.24311673443458695,0.24311673443458695,0.9999999999999999,0.5601920059081069,0.040000000000000036
16,4,Br,Cs,4.206317191597292,6,12,2.17,0.08000000000000007,3.46,0.09721899999999906,1.594844000000002,0.024003820300479997,0.0021743379213327464,0.025491199250205755,standard,1.594844000000002,0.2148516120235915,0.00400774063371398,6677.33855393962,2106.73838403845,0.09721899999999906,0.999999999999373,2.174029582771172e-13,90,1.1206591156139725,0.9511242303481512,0.367879441171841,0.3678794411718413,0.24311673443458695,1.6474091954838528,0.04000000000000015
16,2,Br,Cs,4.206317191597292,6,12,2.17,0.08000000000000007,3.46,0.09721899999999906,1.594844000000002,0.024003820300481222,0.0021743379213293593,0.02549119925020606,standard,1.594844000000002,0.214851612023592,0.004007740633714979,6677.33855393422,2106.7383840358825,0.09721899999999906,0.999999999999373,1.9246645880241983e-13,90,1.120659115613949,0.8363752390388656,0.3678794411718411,0.3678794411718411,0.24311673443458698,0.2741925518770646,0.040000000000000036
16,6,Br,Cs,4.206317191597292,6,12,2.17,0.08000000000000007,3.46,0.09721850000000032,1.5948430000000045,0.02382539552539238,0.0018001447032745441,0.024713667652167072,standard,1.5948430000000045,0.21485401819625016,0.004012552979031275,6677.3385503712125,2106.7383823417613,0.09721850000000032,0.999999999999373,1.924664588024197e-13,90,1.0,0.9724298178004862,0.3678794411718413,0.3678794411718411,0.24311673443458698,1.429691059986208,0.04000000000000015
16,0,Br,Cs,4.206317191597293,6,12,2.17,0.08000000000000007,3.46,0.09721899999999906,1.594844000000002,0.024003834867808098,0.002174327963810569,0.025492063195259835,standard,1.594844000000002,0.21484870007055734,0.004001916727645688,6677.338557523248,2106.738385742376,0.09721899999999906,0.999999999999373,9.806009975316452e-14,90,1.1206590870029682,0.9411873172962572,0.3678794411718413,0.3678794411718411,0.24311673443458698,1.6692157158386807,0.04000000000000015
17,10,Br,Pb,2.9743154099999987,6,6,1.16,0.77,2.58,0.2530140000000003,1.9064340000000044,0.2299380776752331,0.012977790455457432,0.234996304062347,standard,1.9064340000000044,0.1864728168054843,0.052749849802501414,3226.4935251523743,658.948213365774,0.2530140000000003,0.9999999999994754,7.390286590871834e-14,42,1.1141422415353104,0.6598625060557488,0.24311673443458695,0.9999999999999998,0.24311673443458695,0.4828866018964528,0.04000000000000026
17,8,Br,Pb,2.97431541,6,6,1.16,0.77,2.58,0.2530140000000003,1.9064340000000044,0.22993807767522723,0.012977790455464858,0.23499630406234545,standard,1.9064340000000044,0.1864728168054836,0.0527498498025028,3226.49352515237,658.9482133657706,0.2530140000000003,0.9999999999994754,7.390286590871826e-14,42,1.1141422415353612,0.7320857693928342,0.24311673443458695,0.9999999999999997,0.24311673443458695,0.43730222000759955,0.04000000000000015
17,1,Br,Cs,4.206317191597292,6,12,2.17,0.08000000000000007,3.46,0.09721899999999906,1.594844000000002,0.02400382030048232,0.002174337921326683,0.025491199250206008,standard,1.594844000000002,0.21485161202359238,0.0040077406337147015,6677.338553945217,2106.738384041111,0.09721899999999906,0.999999999999373,3.071439223887107e-13,90,1.1206591156139776,0.7649269559581545,0.3678794411718412,0.24311673443458695,0.36787944117184107,1.1549853532070136,0.04000000000000026
17,5,Br,Cs,4.206317191597292,6,12,2.17,0.08000000000000007,3.46,0.09721850000000032,1.5948430000000045,0.02400380494133772,0.002174346233590888,0.02549037495269495,standard,1.5948430000000045,0.21485401819624955,0.004012552979029083,6677.338550378678,2106.7383823453097,0.09721850000000032,0.999999999999373,3.794796219932885e-13,90,1.120659151755828,0.922631640568165,0.36787944117184107,0.24311673443458695,0.3678794411718412,0.9376524249174589,0.039999999999999925
17,4,Br,Cs,4.206317191597292,6,12,2.17,0.08000000000000007,3.46,0.09721899999999906,1.594844000000002,0.024003820300480875,0.0021743379213316257,0.025491199250205807,standard,1.594844000000002,0.21485161202359176,0.00400774063371348,6677.33855393962,2106.73838403845,0.09721899999999906,0.999999999999373,3.3796458429668434e-13,90,1.1206591156139463,0.9559783392014174,0.3678794411718411,0.24311673443458695,0.3678794411718412,1.5245194095833454,0.04000000000000026
17,0,Br,Cs,4.206317191597292,6,12,2.17,0.08000000000000007,3.46,0.09721899999999906,1.594844000000002,0.02400383486780902,0.002174327963808501,0.02549206319525976,standard,1.594844000000002,0.21484870007055762,0.004001916727645188,6677.338557523248,2106.7383857423765,0.09721899999999906,0.999999999999373,3.237755667337801e-13,90,1.1206590870029982,0.9621098912994603,0.3678794411718411,0.24311673443458695,0.3678794411718411,1.5463259299381733,0.04000000000000026
18,12,Br,Pb,2.9743154099999987,6,6,1.16,0.77,2.58,0.2530140000000003,1.9064340000000044,0.22993807767522564,0.012977790455462018,0.23499630406234634,standard,1.9064340000000044,0.18647281680548428,0.052749849802502996,3226.493525152272,658.9482133656471,0.2530140000000003,0.9999999999994754,1.362701515533566e-13,42,1.1141422415352618,0.580569964504385,0.9999999999999998,0.24311673443458695,0.24311673443458695,0.4844855216467321,0.040000000000000036
18,8,Br,Pb,2.97431541,6,6,1.16,0.77,2.58,0.2530140000000003,1.9064340000000044,0.2299380776752182,0.012977790455483066,0.23499630406234587,standard,1.9064340000000044,0.186472816805484,0.05274984980250358,3226.493525152413,658.9482133657416,0.2530140000000003,0.9999999999994754,7.390286590871831e-14,42,1.1141422415353222,0.9663027617993881,0.9999999999999997,0.24311673443458695,0.24311673443458695,0.405365131634424,0.040000000000000036
18,3,Br,Cs,4.206317191597292,6,12,2.17,0.08000000000000007,3.46,0.09721850000000032,1.5948430000000045,0.02382539552539322,0.0018001447032699432,0.024713667652166996,standard,1.5948430000000045,0.21485401819625094,0.004012552979030304,6677.33855037646,2106.7383823442146,0.09721850000000032,0.999999999999373,3.827492173212192e-13,90,1.0,0.6542718090376418,0.24311673443458695,0.36787944117184107,0.3678794411718412,0.2725905700201751,0.04000000000000015
18,0,Br,Cs,4.206317191597292,6,12,2.17,0.08000000000000007,3.46,0.09721899999999906,1.594844000000002,0.0240038348678093,0.0021743279638073267,0.02549206319525958,standard,1.594844000000002,0.214848700070558,0.004001916727644411,6677.338557523291,2106.738385742356,0.09721899999999906,0.999999999999373,3.3414704426533777e-13,90,1.1206590870030162,0.6425274178128519,0.24311673443458695,0.3678794411718411,0.3678794411718411,1.5143888415649978,0.04000000000000015
18,1,Br,Cs,4.206317191597292,6,12,2.17,0.08000000000000007,3.46,0.09721899999999906,1.594844000000002,0.024003820300480736,0.002174337921332016,0.02549119925020576,standard,1.594844000000002,0.21485161202359276,0.004007740633713924,6677.33855394526,2106.738384041091,0.09721899999999906,0.999999999999373,3.166451988478886e-13,90,1.1206591156139674,0.972533259925355,0.24311673443458695,0.3678794411718412,0.36787944117184107,1.123048264833838,0.04000000000000015
18,2,Br,Cs,4.206317191597292,6,12,2.17,0.08000000000000007,3.46,0.09721899999999906,1.594844000000002,0.02382541171733945,0.0018001350717693444,0.02471448485676359,standard,1.594844000000002,0.21485161202359265,0.004007740633713702,6677.338553934263,2106.738384035862,0.09721899999999906,0.999999999999373,3.325716701593208e-13,90,1.0,0.5939442610997827,0.24311673443458698,0.3678794411718411,0.3678794411718412,0.11936567760338168,0.040000000000000036
19,8,Br,Pb,2.9743154099999995,6,6,1.16,0.77,2.58,0.25301350000000156,1.9064350000000019,0.22981409401676062,0.013312513198921532,0.2349925514468388,standard,1.9064350000000019,0.18647312065457022,0.052750457500676,3226.4934998228655,658.9482303979282,0.25301350000000156,0.9999999999994754,4.674027637711181e-14,42,1.114142245209609,0.7459903714048491,0.24311673443458695,0.24311673443458695,0.9999999999999999,0.5013854367989886,0.039999999999999813
19,9,Br,Pb,2.974315410000001,6,6,1.16,0.77,2.58,0.25301350000000156,1.9064350000000019,0.22981409401677458,0.013312513198870713,0.23499255144683995,standard,1.9064350000000019,0.1864731206545708,0.05275045750067481,3226.493499822894,658.9482303979472,0.25301350000000156,0.9999999999994754,1.869611055084472e-13,42,1.114142245209537,0.7835391215548938,0.24311673443458695,0.24311673443458695,0.9999999999999999,0.295993054944675,0.039999999999999813
19,5,Br,Cs,4.206317191597292,6,12,2.17,0.08000000000000007,3.46,0.09721800000000158,1.594844000000002,0.02400382571841886,0.0019959347566468814,0.025490202863018434,standard,1.594844000000002,0.21485432204533617,0.004011945280855883,6677.338525049173,2106.738394388864,0.09721800000000158,0.999999999999373,3.2620516334086475e-13,90,1.1141421525629907,0.7751792254661394,0.367879441171841,0.3678794411718413,0.24311673443458695,1.0017356417088479,0.03999999999999959
19,3,Br,Cs,4.206317191597292,6,12,2.17,0.08000000000000007,3.46,0.09721800000000158,1.594844000000002,0.024003825718419865,0.0019959347566438686,0.025490202863018455,standard,1.594844000000002,0.21485432204533716,0.0040119452808578815,6677.338525046913,2106.7383943877894,0.09721800000000158,0.999999999999373,2.8460411604950397e-13,90,1.1141421525630555,0.9353005255670354,0.3678794411718411,0.3678794411718411,0.24311673443458698,0.1765702648556105,0.039999999999999925
19,7,Br,Cs,4.206317191597292,6,12,2.17,0.08000000000000007,3.46,0.09721800000000158,1.594844000000002,0.024003810691632852,0.001995943547497697,0.025489636329836796,standard,1.594844000000002,0.21485631594820986,0.004015933086603279,6677.338521475563,2106.7383926897005,0.09721800000000158,0.999999999999373,8.889539090486481e-14,90,1.114142135623806,0.584245564873078,0.3678794411718413,0.3678794411718411,0.24311673443458698,1.405106863799754,0.039999999999999813
19,1,Br,Cs,4.206317191597293,6,12,2.17,0.08000000000000007,3.46,0.09721850000000032,1.5948449999999994,0.02400384095356488,0.0019959256599246205,0.025490774454035706,standard,1.5948449999999994,0.21485191587267896,0.004007132935541502,6677.338528615713,2106.738396084665,0.09721850000000032,0.999999999999373,9.938806847484733e-14,90,1.1141421356237544,0.6012711879551115,0.3678794411718413,0.3678794411718411,0.24311673443458698,1.2190685699984027,0.039999999999999925
20,9,Br,Pb,2.97431541,6,6,1.16,0.77,2.58,0.2530140000000003,1.9064340000000044,0.22993807767522131,0.012977790455483567,0.23499630406234612,standard,1.9064340000000044,0.1864728168054841,0.052749849802501386,3226.4935251524093,658.9482133657827,0.2530140000000003,0.9999999999994754,1.4780573181743667e-13,42,1.1141422415353173,0.8647419007487918,0.24311673443458695,0.9999999999999998,0.24311673443458695,0.09821784538947864,0.04000000000000015
20,11,Br,Pb,2.9743154099999987,6,6,1.16,0.77,2.58,0.2530140000000003,1.9064340000000044,0.2299380776752314,0.012977790455465951,0.2349963040623473,standard,1.9064340000000044,0.18647281680548355,0.052749849802502496,3226.4935251523902,658.9482133657705,0.2530140000000003,0.9999999999994754,6.610073276157837e-14,42,1.1141422415352775,0.6116404140702647,0.24311673443458695,0.9999999999999998,0.24311673443458695,0.3842306390001903,0.04000000000000026
20,4,Br,Cs,4.206317191597292,6,12,2.17,0.08000000000000007,3.46,0.09721899999999906,1.594844000000002,0.02400382030047967,0.002174337921334877,0.025491199250206084,standard,1.594844000000002,0.21485161202359165,0.004007740633713702,6677.33855393963,2106.7383840384455,0.09721899999999906,0.999999999999373,3.3796458429668444e-13,90,1.1206591156139505,0.7480244923200114,0.36787944117184107,0.2431167344345869,0.36787944117184107,1.3908274168195383,0.04000000000000026
20,0,Br,Cs,4.206317191597292,6,12,2.17,0.08000000000000007,3.46,0.09721899999999906,1.594844000000002,0.024003834867807827,0.0021743279638104015,0.02549206319525965,standard,1.594844000000002,0.2148487000705575,0.00400191672764541,6677.338557523258,2106.738385742372,0.09721899999999906,0.999999999999373,3.237755667337801e-13,90,1.120659087002997,0.7588497679965283,0.3678794411718412,0.24311673443458695,0.36787944117184107,1.4126339371743661,0.04000000000000026
20,5,Br,Cs,4.206317191597293,6,12,2.17,0.08000000000000007,3.46,0.09721850000000032,1.5948430000000045,0.02400380494133833,0.002174346233588736,0.025490374952694943,standard,1.5948430000000045,0.21485401819624944,0.004012552979029305,6677.338550378688,2106.7383823453047,0.09721850000000032,0.999999999999373,3.7947962199328874e-13,90,1.1206591517558377,0.925352848250829,0.367879441171841,0.2431167344345869,0.3678794411718412,0.8039604321536516,0.039999999999999925
20,1,Br,Cs,4.206317191597294,6,12,2.17,0.08000000000000007,3.46,0.09721899999999906,1.594844000000002,0.024003820300480164,0.0021743379213350093,0.02549119925020582,standard,1.594844000000002,0.21485161202359226,0.0040077406337149235,6677.338553945227,2106.7383840411057,0.09721899999999906,0.999999999999373,3.0714392238871075e-13,90,1.1206591156139387,0.9652688990671214,0.367879441171841,0.24311673443458695,0.3678794411718413,1.0212933604432064,0.04000000000000026
21,13,Br,Pb,2.9743154099999987,6,6,1.16,0.77,2.58,0.2530140000000003,1.9064340000000044,0.22993807767523128,0.01297779045546733,0.23499630406234628,standard,1.9064340000000044,0.18647281680548466,0.0527498498025015,3226.4935251522948,658.9482133656489,0.2530140000000003,0.9999999999994754,1.3220146552315666e-13,42,1.114142241535259,0.9697684697273367,0.9999999999999998,0.24311673443458695,0.24311673443458695,0.4385942328185417,0.039999999999999925
21,9,Br,Pb,2.97431541,6,6,1.16,0.77,2.58,0.2530140000000003,1.9064340000000044,0.22993807767523372,0.012977790455455268,0.2349963040623473,standard,1.9064340000000044,0.1864728168054844,0.052749849802502,3226.4935251524516,658.9482133657541,0.2530140000000003,0.9999999999994754,1.4780573181743675e-13,42,1.1141422415352953,0.7993981259545724,0.9999999999999998,0.24311673443458695,0.24311673443458695,0.10554382459952494,0.039999999999999813
21,2,Br,Cs,4.206317191597292,6,12,2.17,0.08000000000000007,3.46,0.09721899999999906,1.594844000000002,0.02382541171733855,0.001800135071771805,0.024714484856763613,standard,1.594844000000002,0.21485161202359243,0.004007740633714091,6677.338553934273,2106.738384035857,0.09721899999999906,0.999999999999373,3.3257167015932085e-13,90,1.0,0.7526549697280032,0.2431167344345869,0.36787944117184107,0.36787944117184107,0.02493675242279625,0.039999999999999813
21,0,Br,Cs,4.206317191597292,6,12,2.17,0.08000000000000007,3.46,0.09721899999999906,1.594844000000002,0.024003834867807997,0.002174327963810484,0.025492063195259623,standard,1.594844000000002,0.21484870007055779,0.0040019167276448,6677.338557523301,2106.7383857423515,0.09721899999999906,0.999999999999373,3.3414704426533787e-13,90,1.120659087002993,0.6636996687454968,0.24311673443458695,0.3678794411718412,0.36787944117184107,1.4199599163844123,0.039999999999999925
21,3,Br,Cs,4.206317191597293,6,12,2.17,0.08000000000000007,3.46,0.09721850000000032,1.5948430000000045,0.023825395525391938,0.0018001447032748598,0.02471366765216721,standard,1.5948430000000045,0.21485401819625075,0.004012552979030692,6677.33855037647,2106.7383823442096,0.09721850000000032,0.999999999999373,3.8274921732121943e-13,90,1.0,0.8073089856476684,0.2431167344345869,0.367879441171841,0.3678794411718412,0.36701949520076055,0.039999999999999925
21,1,Br,Cs,4.206317191597294,6,12,2.17,0.08000000000000007,3.46,0.09721899999999906,1.594844000000002,0.024003820300481017,0.0021743379213288345,0.02549119925020566,standard,1.594844000000002,0.21485161202359254,0.004007740633714313,6677.33855394527,2106.7383840410853,0.09721899999999906,0.999999999999373,3.1664519884788864e-13,90,1.1206591156139605,0.9621296759711877,0.24311673443458695,0.367879441171841,0.3678794411718413,1.0286193396532526,0.039999999999999925
22,11,Br,Pb,2.9743154099999987,6,6,1.16,0.77,2.58,0.2530140000000003,1.9064340000000044,0.2299380776752394,0.012977790455439982,0.2349963040623485,standard,1.9064340000000044,0.1864728168054836,0.05274984980250261,3226.4935251523766,658.9482133657797,0.2530140000000003,0.9999999999994754,7.413613891623275e-29,42,1.1141422415353006,0.9703683237062204,0.24311673443458695,0.24311673443458695,0.9999999999999999,0.6601206372032259,0.040000000000000036
22,10,Br,Pb,2.97431541,6,6,1.16,0.77,2.58,0.2530140000000003,1.9064340000000044,0.2299380776752376,0.012977790455446376,0.23499630406234692,standard,1.9064340000000044,0.18647281680548425,0.0527498498025013,3226.493525152371,658.9482133657757,0.2530140000000003,0.9999999999994754,4.674027637711185e-14,42,1.1141422415353326,0.9582192627078601,0.24311673443458695,0.24311673443458695,0.9999999999999999,0.6250846073356812,0.040000000000000036
22,0,Br,Cs,4.206317191597292,6,12,2.17,0.08000000000000007,3.46,0.09721899999999906,1.594844000000002,0.023825426968893185,0.0018001238909104524,0.024715342380291272,standard,1.594844000000002,0.21484870007055756,0.004001916727645299,6677.338557523244,2106.7383857423783,0.09721899999999906,0.999999999999373,9.806009975316451e-14,90,1.0,0.8092015307179992,0.3678794411718411,0.3678794411718411,0.24311673443458698,1.6885239353774018,0.040000000000000036
22,4,Br,Cs,4.206317191597292,6,12,2.17,0.08000000000000007,3.46,0.09721899999999906,1.594844000000002,0.0238254117173387,0.001800135071773954,0.024714484856763603,standard,1.594844000000002,0.2148516120235917,0.004007740633713591,6677.338553939617,2106.738384038452,0.09721899999999906,0.999999999999373,2.1740295827711737e-13,90,1.0,0.8288015602925068,0.3678794411718413,0.3678794411718411,0.24311673443458698,1.6667174150225739,0.040000000000000036
22,6,Br,Cs,4.206317191597293,6,12,2.17,0.08000000000000007,3.46,0.09721850000000032,1.5948430000000045,0.024003804941339208,0.0021743462335863666,0.02549037495269492,standard,1.5948430000000045,0.21485401819625033,0.004012552979030887,6677.33855037121,2106.738382341762,0.09721850000000032,0.999999999999373,1.924664588024199e-13,90,1.1206591517558124,0.9067945158654087,0.3678794411718409,0.36787944117184135,0.24311673443458695,1.4489992795249291,0.040000000000000036
22,2,Br,Cs,4.206317191597294,6,12,2.17,0.08000000000000007,3.46,0.09721899999999906,1.594844000000002,0.024003820300480618,0.00217433792133197,0.025491199250205807,standard,1.594844000000002,0.2148516120235922,0.0040077406337145904,6677.338553934216,2106.738384035883,0.09721899999999906,0.999999999999373,1.9246645880242e-13,90,1.1206591156139625,0.9484440286140001,0.36787944117184107,0.3678794411718412,0.24311673443458695,0.29350077141578557,0.039999999999999925
23,8,Br,Pb,2.974315409999999,6,6,1.16,0.77,2.58,0.25301350000000156,1.9064350000000019,0.22981409401676767,0.013312513198888378,0.23499255144683867,standard,1.9064350000000019,0.18647312065457117,0.05275045750067789,3226.49349982285,658.9482303979388,0.25301350000000156,0.9999999999994754,7.39028659087182e-14,42,1.114142245209581,0.577350269189626,0.24311673443458695,0.9999999999999998,0.24311673443458695,0.2842483350253443,0.03999999999999959
23,10,Br,Pb,2.9743154100000018,6,6,1.16,0.77,2.58,0.25301350000000156,1.9064350000000019,0.22981409401677483,0.01331251319888823,0.23499255144683903,standard,1.9064350000000019,0.18647312065457183,0.0527504575006765,3226.4934998228546,658.9482303979412,0.25301350000000156,0.9999999999994754,7.390286590871829e-14,42,1.1141422452095386,0.6574150207885358,0.24311673443458695,0.9999999999999997,0.24311673443458695,0.3298327169141976,0.0399999999999997
23,2,Br,Cs,4.206317191597292,6,12,2.17,0.08000000000000007,3.46,0.09721850000000032,1.5948449999999994,0.024003840953564635,0.0019959256599256722,0.02549077445403556,standard,1.5948449999999994,0.2148519158726798,0.0040071329355393925,6677.3385286047,2106.738396079444,0.09721850000000032,0.999999999999373,3.6310118769875505e-13,90,1.1141421356237449,0.6641404335657708,0.3678794411718411,0.24311673443458695,0.3678794411718411,0.0017511190056980208,0.03999999999999959
23,7,Br,Cs,4.206317191597292,6,12,2.17,0.08000000000000007,3.46,0.09721800000000158,1.594844000000002,0.024003810691630975,0.0019959435475039033,0.025489636329836637,standard,1.594844000000002,0.2148563159482108,0.004015933086601392,6677.338521475547,2106.738392689708,0.09721800000000158,0.999999999999373,2.6348414156070346e-13,90,1.114142135623761,0.709673438152845,0.3678794411718411,0.24311673443458695,0.3678794411718412,1.1879697620261096,0.03999999999999959
23,6,Br,Cs,4.206317191597292,6,12,2.17,0.08000000000000007,3.46,0.09721800000000158,1.594844000000002,0.024003825718420316,0.001995934756643092,0.025490202863018445,standard,1.594844000000002,0.21485432204533794,0.004011945280855689,6677.338525041693,2106.7383943853224,0.09721800000000158,0.999999999999373,3.139503783940954e-13,90,1.1141421525630166,0.928197392338391,0.3678794411718411,0.24311673443458695,0.3678794411718412,1.1537473891034455,0.0399999999999997
23,3,Br,Cs,4.206317191597292,6,12,2.17,0.08000000000000007,3.46,0.09721800000000158,1.594844000000002,0.02400382571841947,0.0019959347566463215,0.02549020286301818,standard,1.594844000000002,0.2148543220453381,0.004011945280855994,6677.338525046897,2106.7383943877967,0.09721800000000158,0.999999999999373,3.587709362263288e-13,90,1.1141421525629351,0.6279791984138741,0.3678794411718412,0.24311673443458695,0.3678794411718411,0.3937073666292548,0.0399999999999997
24,10,Br,Pb,2.97431541,6,6,1.16,0.77,2.58,0.2530140000000003,1.9064340000000044,0.2299380776752251,0.012977790455469002,0.23499630406234645,standard,1.9064340000000044,0.18647281680548433,0.0527498498025015,3226.4935251524284,658.9482133657373,0.2530140000000003,0.9999999999994754,7.390286590871835e-14,42,1.1141422415353297,0.6425468654431333,0.9999999999999997,0.24311673443458695,0.24311673443458695,0.1646109467309238,0.040000000000000036
24,14,Br,Pb,2.9743154099999987,6,6,1.16,0.77,2.58,0.2530140000000003,1.9064340000000044,0.22993807767522534,0.012977790455474716,0.234996304062347,standard,1.9064340000000044,0.1864728168054849,0.05274984980250039,3226.4935251523075,658.9482133656562,0.2530140000000003,0.9999999999994754,3.305036638078919e-14,42,1.1141422415353255,0.6340842483845883,0.9999999999999998,0.24311673443458695,0.24311673443458695,0.07715939935846106,0.040000000000000036
24,0,Br,Cs,4.206317191597292,6,12,2.17,0.08000000000000007,3.46,0.09721899999999906,1.594844000000002,0.024003834867809198,0.002174327963807672,0.025492063195259585,standard,1.594844000000002,0.21484870007055765,0.004001916727645105,6677.3385575233015,2106.738385742351,0.09721899999999906,0.999999999999373,3.341470442653382e-13,90,1.1206590870030209,0.6425274178128519,0.24311673443458698,0.3678794411718411,0.3678794411718412,1.2280502747726443,0.040000000000000036
24,1,Br,Cs,4.206317191597292,6,12,2.17,0.08000000000000007,3.46,0.09721899999999906,1.594844000000002,0.02400382030048059,0.002174337921331172,0.025491199250205893,standard,1.594844000000002,0.2148516120235924,0.004007740633714618,6677.338553945271,2106.7383840410857,0.09721899999999906,0.999999999999373,3.1664519884788884e-13,90,1.1206591156139538,0.9725332599253551,0.24311673443458698,0.3678794411718411,0.3678794411718412,0.8367096980414845,0.040000000000000036
24,2,Br,Cs,4.206317191597294,6,12,2.17,0.08000000000000007,3.46,0.09721899999999906,1.594844000000002,0.024003820300479657,0.002174337921333142,0.02549119925020578,standard,1.594844000000002,0.2148516120235923,0.004007740633714396,6677.3385539342735,2106.7383840358557,0.09721899999999906,0.999999999999373,3.325716701593212e-13,90,1.120659115613932,0.5939442610997827,0.24311673443458695,0.3678794411718413,0.367879441171841,0.1669728891889718,0.039999999999999925
24,3,Br,Cs,4.206317191597294,6,12,2.17,0.08000000000000007,3.46,0.09721850000000032,1.5948430000000045,0.02400380494133812,0.0021743462335912806,0.02549037495269465,standard,1.5948430000000045,0.2148540181962506,0.004012552979030998,6677.338550376471,2106.7383823442087,0.09721850000000032,0.999999999999373,3.8274921732121953e-13,90,1.1206591517557432,0.6542718090376419,0.24311673443458698,0.3678794411718413,0.367879441171841,0.5589291368125286,0.040000000000000036
25,10,Br,Pb,2.974315409999999,6,6,1.16,0.77,2.58,0.25301350000000156,1.9064350000000019,0.22981409401676872,0.013312513198882462,0.2349925514468384,standard,1.9064350000000019,0.1864731206545714,0.05275045750067561,3226.4934998228837,658.9482303979221,0.25301350000000156,0.9999999999994754,4.6740276377111844e-14,42,1.1141422452095642,0.9762555488910495,0.24311673443458695,0.24311673443458695,0.9999999999999999,0.49518019748790465,0.039999999999999925
25,11,Br,Pb,2.9743154100000027,6,6,1.16,0.77,2.58,0.25301350000000156,1.9064350000000019,0.22981409401676955,0.013312513198880126,0.23499255144683856,standard,1.9064350000000019,0.18647312065457075,0.05275045750067692,3226.493499822889,658.9482303979249,0.25301350000000156,0.9999999999994754,7.139953862332619e-29,42,1.1141422452095568,0.9762538466936415,0.24311673443458695,0.24311673443458695,0.9999999999999999,0.5302162273554494,0.039999999999999925
25,1,Br,Cs,4.206317191597292,6,12,2.17,0.08000000000000007,3.46,0.09721850000000032,1.5948449999999994,0.02400384095356564,0.0019959256599233997,0.02549077445403547,standard,1.5948449999999994,0.21485191587267946,0.004007132935540503,6677.338528615726,2106.738396084659,0.09721850000000032,0.999999999999373,9.938806847484712e-14,90,1.1141421356237524,0.6036565914402511,0.3678794411718411,0.3678794411718411,0.24311673443458698,1.1672789487984654,0.039999999999999925
25,5,Br,Cs,4.206317191597292,6,12,2.17,0.08000000000000007,3.46,0.09721800000000158,1.594844000000002,0.024003825718419084,0.0019959347566449594,0.025490202863018247,standard,1.594844000000002,0.21485432204533667,0.004011945280854884,6677.3385250491865,2106.7383943888576,0.09721800000000158,0.999999999999373,3.2620516334086465e-13,90,1.1141421525630317,0.7566482310288636,0.3678794411718413,0.3678794411718411,0.24311673443458698,0.9499460205089107,0.03999999999999959
25,7,Br,Cs,4.206317191597293,6,12,2.17,0.08000000000000007,3.46,0.09721800000000158,1.594844000000002,0.02400381069163021,0.0019959435475101414,0.02548963632983662,standard,1.594844000000002,0.21485631594821036,0.00401593308660228,6677.338521475576,2106.7383926896937,0.09721800000000158,0.999999999999373,8.889539090486477e-14,90,1.1141421356237746,0.5834934228143999,0.3678794411718409,0.36787944117184135,0.24311673443458695,1.3533172425998166,0.039999999999999813
25,3,Br,Cs,4.206317191597294,6,12,2.17,0.08000000000000007,3.46,0.09721800000000158,1.594844000000002,0.02400382571841873,0.001995934756645982,0.025490202863018088,standard,1.594844000000002,0.21485432204533766,0.004011945280856882,6677.338525046926,2106.738394387782,0.09721800000000158,0.999999999999373,2.846041160495038e-13,90,1.114142152563044,0.9405849946262964,0.36787944117184107,0.3678794411718412,0.24311673443458695,0.22835988605554774,0.039999999999999925
26,9,Br,Pb,2.974315409999999,6,6,1.16,0.77,2.58,0.25301350000000156,1.9064350000000019,0.22981409401677966,0.013312513198858613,0.2349925514468374,standard,1.9064350000000019,0.1864731206545709,0.052750457500675,3226.49349982289,658.9482303979502,0.25301350000000156,0.9999999999994754,1.478057318174365e-13,42,1.1141422452095313,0.7833441461038507,0.24311673443458695,0.9999999999999991,0.24311673443458695,0.010271501886969236,0.0399999999999997
26,11,Br,Pb,2.9743154100000018,6,6,1.16,0.77,2.58,0.25301350000000156,1.9064350000000019,0.22981409401678604,0.013312513198848656,0.2349925514468383,standard,1.9064350000000019,0.18647312065457033,0.05275045750067611,3226.493499822872,658.9482303979371,0.25301350000000156,0.9999999999994754,6.610073276157833e-14,42,1.1141422452095788,0.577350269189626,0.24311673443458695,0.9999999999999998,0.24311673443458695,0.2757412917237424,0.039999999999999813
26,2,Br,Cs,4.206317191597291,6,12,2.17,0.08000000000000007,3.46,0.09721850000000032,1.5948449999999994,0.024003840953563442,0.0019959256599286707,0.02549077445403557,standard,1.5948449999999994,0.21485191587267893,0.004007132935541086,6677.338528604711,2106.7383960794386,0.09721850000000032,0.999999999999373,3.6310118769875525e-13,90,1.1141421356237726,0.6817219279606169,0.3678794411718413,0.2431167344345869,0.3678794411718409,0.09087857406369793,0.0399999999999997
26,6,Br,Cs,4.20631719159729,6,12,2.17,0.08000000000000007,3.46,0.09721800000000158,1.594844000000002,0.02400382571842028,0.0019959347566439094,0.02549020286301846,standard,1.594844000000002,0.2148543220453371,0.004011945280857382,6677.338525041705,2106.7383943853174,0.09721800000000158,0.999999999999373,3.1395037839409553e-13,90,1.1141421525629993,0.6387640602377176,0.3678794411718413,0.24311673443458695,0.36787944117184107,1.0646199340454454,0.039999999999999813
26,7,Br,Cs,4.206317191597294,6,12,2.17,0.08000000000000007,3.46,0.09721800000000158,1.594844000000002,0.024003810691632346,0.0019959435474977876,0.025489636329836567,standard,1.594844000000002,0.21485631594820995,0.004015933086603085,6677.338521475559,2106.7383926897014,0.09721800000000158,0.999999999999373,2.6348414156070346e-13,90,1.114142135623751,0.952756542695051,0.3678794411718409,0.24311673443458695,0.36787944117184135,1.0988423069681095,0.0399999999999997
26,3,Br,Cs,4.206317191597295,6,12,2.17,0.08000000000000007,3.46,0.09721800000000158,1.594844000000002,0.02400382571841952,0.0019959347566443184,0.025490202863018355,standard,1.594844000000002,0.21485432204533725,0.004011945280857687,6677.338525046909,2106.73839438779,0.09721800000000158,0.999999999999373,3.587709362263288e-13,90,1.1141421525630315,0.7402921316943941,0.367879441171841,0.24311673443458695,0.3678794411718413,0.4828348216872547,0.039999999999999813
27,15,Br,Pb,2.9743154099999987,6,6,1.16,0.77,2.58,0.2530140000000003,1.9064340000000044,0.22993807767522134,0.01297779045547437,0.23499630406234565,standard,1.9064340000000044,0.1864728168054835,0.052749849802501025,3226.493525152341,658.9482133656604,0.2530140000000003,0.9999999999994754,5.644629148371844e-29,42,1.1141422415353142,0.8704836920247695,0.9999999999999991,0.24311673443458695,0.24311673443458695,0.14087472176363314,0.04000000000000048
27,11,Br,Pb,2.97431541,6,6,1.16,0.77,2.58,0.2530140000000003,1.9064340000000044,0.22993807767523256,0.012977790455462435,0.23499630406234703,standard,1.9064340000000044,0.18647281680548317,0.05274984980250172,3226.4935251524475,658.9482133657317,0.2530140000000003,0.9999999999994754,6.610073276157841e-14,42,1.114142241535317,0.8357237740357852,0.9999999999999998,0.24311673443458695,0.24311673443458695,0.570297998911386,0.04000000000000048
27,0,Br,Cs,4.20631719159729,6,12,2.17,0.08000000000000007,3.46,0.09721899999999906,1.594844000000002,0.024003834867807976,0.0021743279638103278,0.025492063195259543,standard,1.594844000000002,0.21484870007055712,0.0040019167276461876,6677.338557523315,2106.7383857423456,0.09721899999999906,0.999999999999373,3.3414704426533827e-13,90,1.1206590870029824,0.6013130458327307,0.24311673443458695,0.3678794411718413,0.36787944117184107,1.5987012970855616,0.04000000000000048
27,2,Br,Cs,4.206317191597292,6,12,2.17,0.08000000000000007,3.46,0.09721899999999906,1.594844000000002,0.024003820300480212,0.0021743379213329697,0.025491199250205876,standard,1.594844000000002,0.21485161202359176,0.004007740633715479,6677.338553934287,2106.7383840358502,0.09721899999999906,0.999999999999373,3.325716701593212e-13,90,1.1206591156139667,0.7568757133834944,0.24311673443458695,0.36787944117184146,0.3678794411718409,0.20367813312394567,0.04000000000000037
27,1,Br,Cs,4.206317191597294,6,12,2.17,0.08000000000000007,3.46,0.09721899999999906,1.594844000000002,0.0240038203004817,0.0021743379213300653,0.025491199250205866,standard,1.594844000000002,0.21485161202359188,0.004007740633715701,6677.338553945285,2106.7383840410785,0.09721899999999906,0.999999999999373,3.1664519884788874e-13,90,1.1206591156139845,0.8906584837533696,0.24311673443458695,0.3678794411718409,0.36787944117184135,1.207360720354402,0.04000000000000048
27,3,Br,Cs,4.206317191597296,6,12,2.17,0.08000000000000007,3.46,0.09721850000000032,1.5948430000000045,0.024003804941338205,0.0021743462335890406,0.02549037495269496,standard,1.5948430000000045,0.21485401819625005,0.00401255297903208,6677.338550376485,2106.7383823442015,0.09721850000000032,0.999999999999373,3.827492173212194e-13,90,1.1206591517558047,0.7041007721180887,0.24311673443458695,0.36787944117184107,0.3678794411718412,0.18827811449961113,0.04000000000000048
28,13,Br,Pb,2.9743154099999987,6,6,1.16,0.77,2.58,0.2530140000000003,1.9064340000000044,0.2299380776752349,0.012977790455461064,0.234996304062347,standard,1.9064340000000044,0.18647281680548525,0.05274984980250269,3226.493525152232,658.9482133656911,0.2530140000000003,0.9999999999994754,2.145701662201152e-28,42,1.1141422415353004,0.5773502691896257,0.24311673443458695,0.24311673443458695,0.9999999999999999,0.5295053240421195,0.039999999999999925
28,12,Br,Pb,2.97431541,6,6,1.16,0.77,2.58,0.2530140000000003,1.9064340000000044,0.22993807767522853,0.012977790455468898,0.23499630406234728,standard,1.9064340000000044,0.1864728168054847,0.0527498498025038,3226.4935251522193,658.9482133656822,0.2530140000000003,0.9999999999994754,4.674027637711185e-14,42,1.1141422415353142,0.9598763387731032,0.24311673443458695,0.24311673443458695,0.9999999999999999,0.4809676876897244,0.039999999999999813
28,0,Br,Cs,4.206317191597292,6,12,2.17,0.08000000000000007,3.46,0.09721899999999906,1.594844000000002,0.02382542696889418,0.0018001238909064762,0.024715342380291213,standard,1.594844000000002,0.2148487000705584,0.004001916727643606,6677.338557523238,2106.738385742381,0.09721899999999906,0.999999999999373,9.806009975316459e-14,90,1.0,0.9682110136492964,0.367879441171841,0.3678794411718412,0.24311673443458695,1.51087100760799,0.039999999999999925
28,2,Br,Cs,4.206317191597293,6,12,2.17,0.08000000000000007,3.46,0.09721899999999906,1.594844000000002,0.023825411717339262,0.0018001350717719387,0.024714484856763468,standard,1.594844000000002,0.21485161202359304,0.004007740633712897,6677.33855393421,2106.7383840358866,0.09721899999999906,0.999999999999373,1.9246645880241993e-13,90,1.0,0.74068062960405,0.3678794411718413,0.367879441171841,0.2431167344345869,0.11584784364637402,0.039999999999999813
28,6,Br,Cs,4.206317191597293,6,12,2.17,0.08000000000000007,3.46,0.09721850000000032,1.5948430000000045,0.023825395525392038,0.0018001447032755915,0.02471366765216689,standard,1.5948430000000045,0.2148540181962512,0.004012552979029194,6677.338550371203,2106.738382341765,0.09721850000000032,0.999999999999373,1.9246645880241983e-13,90,1.0,0.9584387253324577,0.3678794411718411,0.367879441171841,0.2431167344345869,1.2713463517555175,0.039999999999999925
28,4,Br,Cs,4.206317191597294,6,12,2.17,0.08000000000000007,3.46,0.09721899999999906,1.594844000000002,0.024003820300479737,0.002174337921334901,0.025491199250205925,standard,1.594844000000002,0.21485161202359254,0.004007740633711898,6677.33855393961,2106.738384038454,0.09721899999999906,0.999999999999373,2.174029582771173e-13,90,1.1206591156139014,0.9714846455632807,0.3678794411718413,0.367879441171841,0.24311673443458695,1.4890644872531622,0.039999999999999925
29,12,Br,Pb,2.97431541,6,6,1.16,0.77,2.58,0.2530140000000003,1.9064340000000044,0.2299380776752296,0.012977790455467032,0.23499630406234567,standard,1.9064340000000044,0.18647281680548355,0.0527498498025015,3226.4935251522525,658.94821336566,0.2530140000000003,0.9999999999994754,1.3627015155335678e-13,42,1.1141422415353157,0.9290739493416987,0.24311673443458695,0.9999999999999998,0.24311673443458695,0.3633687250376524,0.039999999999999813
29,14,Br,Pb,2.9743154099999987,6,6,1.16,0.77,2.58,0.2530140000000003,1.9064340000000044,0.22993807767522847,0.012977790455461073,0.23499630406234828,standard,1.9064340000000044,0.1864728168054845,0.05274984980249958,3226.493525152277,658.9482133656768,0.2530140000000003,0.9999999999994754,3.305036638078919e-14,42,1.1141422415353497,0.5773502691896257,0.24311673443458695,1.0,0.24311673443458695,0.08806237082481272,0.039999999999999925
29,1,Br,Cs,4.206317191597292,6,12,2.17,0.08000000000000007,3.46,0.09721899999999906,1.594844000000002,0.024003820300480292,0.0021743379213336202,0.025491199250205876,standard,1.594844000000002,0.214851612023592,0.004007740633715423,6677.338553945241,2106.7383840411003,0.09721899999999906,0.999999999999373,3.0714392238871105e-13,90,1.1206591156139178,0.5942809822751761,0.3678794411718411,0.24311673443458695,0.3678794411718412,1.0019314682247584,0.039999999999999925
29,0,Br,Cs,4.206317191597292,6,12,2.17,0.08000000000000007,3.46,0.09721899999999906,1.594844000000002,0.0240038348678078,0.002174327963809745,0.02549206319525974,standard,1.594844000000002,0.21484870007055723,0.00400191672764591,6677.338557523271,2106.738385742365,0.09721899999999906,0.999999999999373,3.237755667337806e-13,90,1.1206590870030149,0.9665202519042564,0.3678794411718411,0.24311673443458695,0.3678794411718412,1.3932720449559182,0.039999999999999925
29,4,Br,Cs,4.206317191597294,6,12,2.17,0.08000000000000007,3.46,0.09721899999999906,1.594844000000002,0.024003820300481253,0.0021743379213307865,0.02549119925020582,standard,1.594844000000002,0.21485161202359138,0.004007740633714202,6677.338553939644,2106.738384038438,0.09721899999999906,0.999999999999373,3.3796458429668484e-13,90,1.1206591156139767,0.9648962843349994,0.3678794411718413,0.24311673443458695,0.367879441171841,1.3714655246010903,0.039999999999999925
29,5,Br,Cs,4.206317191597294,6,12,2.17,0.08000000000000007,3.46,0.09721850000000032,1.5948430000000045,0.024003804941340294,0.00217434623358489,0.025490374952694895,standard,1.5948430000000045,0.2148540181962492,0.004012552979029804,6677.338550378701,2106.7383823452974,0.09721850000000032,0.999999999999373,3.79479621993289e-13,90,1.1206591517558497,0.8197580706195596,0.3678794411718413,0.24311673443458695,0.367879441171841,0.7845985399352037,0.03999999999999959
30,8,Br,Pb,2.9743154099999995,6,6,1.16,0.77,2.58,0.25301350000000156,1.9064350000000019,0.2298140940167605,0.01331251319892037,0.23499255144683803,standard,1.9064350000000019,0.18647312065457095,0.0527504575006775,3226.493499822841,658.9482303979449,0.25301350000000156,0.9999999999994754,7.390286590871825e-14,42,1.1141422452095824,0.9678250932632071,0.9999999999999998,0.24311673443458695,0.24311673443458695,0.11445063153696755,0.039999999999999925
30,12,Br,Pb,2.974315410000001,6,6,1.16,0.77,2.58,0.25301350000000156,1.9064350000000019,0.22981409401676703,0.013312513198884754,0.2349925514468385,standard,1.9064350000000019,0.18647312065457125,0.05275045750067692,3226.4934998227,658.9482303978498,0.25301350000000156,0.9999999999994754,1.362701515533566e-13,42,1.1141422452095395,0.5773502691896257,0.9999999999999997,0.24311673443458695,0.24311673443458695,0.19357102154927563,0.039999999999999925
30,6,Br,Cs,4.206317191597292,6,12,2.17,0.08000000000000007,3.46,0.09721800000000158,1.594844000000002,0.024003825718419143,0.0019959347566471256,0.025490202863018365,standard,1.594844000000002,0.21485432204533775,0.004011945280856077,6677.338525041684,2106.7383943853265,0.09721800000000158,0.999999999999373,2.780760388420937e-13,90,1.1141421525629953,0.5927818236597376,0.24311673443458698,0.3678794411718411,0.3678794411718412,0.9839496856150687,0.040000000000000036
30,7,Br,Cs,4.206317191597292,6,12,2.17,0.08000000000000007,3.46,0.09721800000000158,1.594844000000002,0.02400381069163023,0.0019959435475047607,0.025489636329836692,standard,1.594844000000002,0.21485631594821059,0.004015933086601781,6677.338521475538,2106.7383926897123,0.09721800000000158,0.999999999999373,2.780760388420936e-13,90,1.1141421356237442,0.9511294154751888,0.24311673443458698,0.3678794411718411,0.3678794411718412,1.0181720585377327,0.039999999999999925
30,4,Br,Cs,4.206317191597292,6,12,2.17,0.08000000000000007,3.46,0.09721850000000032,1.5948449999999994,0.024003840953564615,0.0019959256599247463,0.02549077445403567,standard,1.5948449999999994,0.2148519158726791,0.004007132935538782,6677.338528610091,2106.738396082016,0.09721850000000032,0.999999999999373,3.134724586202796e-13,90,1.1141421356237438,0.6252848463375721,0.24311673443458695,0.3678794411718411,0.3678794411718411,1.2016678211127134,0.040000000000000036
30,5,Br,Cs,4.206317191597292,6,12,2.17,0.08000000000000007,3.46,0.09721800000000158,1.594844000000002,0.024003825718418297,0.001995934756650015,0.025490202863018348,standard,1.594844000000002,0.2148543220453369,0.004011945280854384,6677.338525049148,2106.738394388876,0.09721800000000158,0.999999999999373,3.91736939505857e-13,90,1.1141421525630057,0.8315000737853346,0.24311673443458695,0.3678794411718412,0.3678794411718411,0.6148008364468269,0.0399999999999997
31,12,Br,Pb,2.974315409999999,6,6,1.16,0.77,2.58,0.25301350000000156,1.9064350000000019,0.22981409401676253,0.013312513198897199,0.2349925514468397,standard,1.9064350000000019,0.18647312065457078,0.052750457500676,3226.4934998227427,658.9482303978211,0.25301350000000156,0.9999999999994754,4.6740276377111856e-14,42,1.1141422452095495,0.9642824993855023,0.24311673443458695,0.24311673443458695,0.9999999999999999,0.5064795928476301,0.039999999999999925
31,13,Br,Pb,2.9743154100000027,6,6,1.16,0.77,2.58,0.25301350000000156,1.9064350000000019,0.22981409401677227,0.013312513198869533,0.23499255144683925,standard,1.9064350000000019,0.18647312065457133,0.05275045750067489,3226.4934998227554,658.948230397829,0.25301350000000156,0.9999999999994754,2.1419861586997853e-28,42,1.1141422452095504,0.5773502691896257,0.24311673443458695,0.24311673443458695,0.9999999999999999,0.5550172292000252,0.040000000000000036
31,1,Br,Cs,4.206317191597292,6,12,2.17,0.08000000000000007,3.46,0.09721850000000032,1.5948449999999994,0.024003840953564143,0.0019959256599270596,0.025490774454035723,standard,1.5948449999999994,0.21485191587267927,0.004007132935540919,6677.338528615731,2106.738396084657,0.09721850000000032,0.999999999999373,9.938806847484726e-14,90,1.1141421356237902,0.5858356979928642,0.367879441171841,0.3678794411718412,0.24311673443458695,1.1450423360347362,0.040000000000000036
31,3,Br,Cs,4.206317191597293,6,12,2.17,0.08000000000000007,3.46,0.09721800000000158,1.594844000000002,0.024003825718419178,0.0019959347566461294,0.025490202863018303,standard,1.594844000000002,0.21485432204533744,0.004011945280857299,6677.338525046931,2106.7383943877803,0.09721800000000158,0.999999999999373,2.84604116049504e-13,90,1.1141421525629704,0.7174653409016158,0.3678794411718413,0.367879441171841,0.2431167344345869,0.2505964988192771,0.040000000000000036
31,7,Br,Cs,4.206317191597293,6,12,2.17,0.08000000000000007,3.46,0.09721800000000158,1.594844000000002,0.024003810691630163,0.0019959435475089514,0.02548963632983653,standard,1.594844000000002,0.21485631594821014,0.0040159330866026965,6677.338521475581,2106.7383926896914,0.09721800000000158,0.999999999999373,8.889539090486491e-14,90,1.1141421356237529,0.69545796506936,0.3678794411718411,0.367879441171841,0.2431167344345869,1.3310806298360873,0.039999999999999925
31,5,Br,Cs,4.206317191597294,6,12,2.17,0.08000000000000007,3.46,0.09721800000000158,1.594844000000002,0.024003825718419525,0.0019959347566457903,0.025490202863018084,standard,1.594844000000002,0.21485432204533644,0.0040119452808553,6677.338525049191,2106.7383943888544,0.09721800000000158,0.999999999999373,3.2620516334086485e-13,90,1.1141421525629682,0.8431935209877875,0.3678794411718413,0.367879441171841,0.24311673443458695,0.9277094077451814,0.0399999999999997
32,15,Br,Pb,2.9743154099999987,6,6,1.16,0.77,2.58,0.2530140000000003,1.9064340000000044,0.22993807767523658,0.012977790455446012,0.23499630406234687,standard,1.9064340000000044,0.18647281680548355,0.05274984980250111,3226.493525152303,658.9482133656861,0.2530140000000003,0.9999999999994754,5.644629148371844e-29,42,1.1141422415353208,0.5773502691896258,0.24311673443458695,0.9999999999999991,0.24311673443458695,0.06455453036601055,0.039999999999999925
32,13,Br,Pb,2.97431541,6,6,1.16,0.77,2.58,0.2530140000000003,1.9064340000000044,0.22993807767522562,0.01297779045547056,0.23499630406234637,standard,1.9064340000000044,0.186472816805484,0.05274984980250019,3226.493525152271,658.9482133656644,0.2530140000000003,0.9999999999994754,1.3220146552315684e-13,42,1.1141422415353552,0.5773502691896257,0.24311673443458695,1.0,0.24311673443458695,0.41190636139004744,0.039999999999999925
32,0,Br,Cs,4.20631719159729,6,12,2.17,0.08000000000000007,3.46,0.09721899999999906,1.594844000000002,0.02400383486780851,0.0021743279638103226,0.025492063195259526,standard,1.594844000000002,0.21484870007055715,0.004001916727646104,6677.338557523277,2106.738385742364,0.09721899999999906,0.999999999999373,3.237755667337806e-13,90,1.1206590870029969,0.9665202519042563,0.3678794411718413,0.24311673443458695,0.36787944117184107,1.3932720449559182,0.039999999999999925
32,4,Br,Cs,4.206317191597292,6,12,2.17,0.08000000000000007,3.46,0.09721899999999906,1.594844000000002,0.02400382030047906,0.0021743379213362093,0.02549119925020566,standard,1.594844000000002,0.2148516120235913,0.004007740633714396,6677.3385539396495,2106.7383840384364,0.09721899999999906,0.999999999999373,3.3796458429668484e-13,90,1.1206591156139574,0.9648962843349994,0.36787944117184146,0.24311673443458695,0.3678794411718409,1.3714655246010903,0.039999999999999925
32,1,Br,Cs,4.206317191597294,6,12,2.17,0.08000000000000007,3.46,0.09721899999999906,1.594844000000002,0.02400382030048074,0.002174337921332136,0.025491199250205907,standard,1.594844000000002,0.2148516120235919,0.004007740633715617,6677.3385539452465,2106.7383840410967,0.09721899999999906,0.999999999999373,3.07143922388711e-13,90,1.1206591156139565,0.5942809822751761,0.3678794411718409,0.24311673443458695,0.36787944117184135,1.0019314682247584,0.039999999999999925
32,5,Br,Cs,4.206317191597296,6,12,2.17,0.08000000000000007,3.46,0.09721850000000032,1.5948430000000045,0.024003804941338955,0.002174346233587943,0.025490374952695107,standard,1.5948430000000045,0.2148540181962491,0.0040125529790299985,6677.338550378707,2106.738382345294,0.09721850000000032,0.999999999999373,3.79479621993289e-13,90,1.1206591517558078,0.8197580706195594,0.36787944117184107,0.24311673443458695,0.3678794411718412,0.7845985399352037,0.03999999999999959
33,9,Br,Pb,2.9743154099999995,6,6,1.16,0.77,2.58,0.25301350000000156,1.9064350000000019,0.22981409401677763,0.01331251319886922,0.23499255144683825,standard,1.9064350000000019,0.18647312065457125,0.052750457500675696,3226.4934998228955,658.9482303979466,0.25301350000000156,0.9999999999994754,1.478057318174366e-13,42,1.11414224520958,0.7717899068500015,0.9999999999999991,0.24311673443458695,0.24311673443458695,0.010271501886969236,0.039999999999999925
33,13,Br,Pb,2.974315410000001,6,6,1.16,0.77,2.58,0.25301350000000156,1.9064350000000019,0.22981409401677105,0.01331251319888186,0.23499255144683787,standard,1.9064350000000019,0.1864731206545715,0.052750457500675196,3226.4934998227386,658.9482303978408,0.25301350000000156,0.9999999999994754,1.3220146552315661e-13,42,1.1141422452095657,0.975272556822777,0.9999999999999998,0.24311673443458695,0.24311673443458695,0.32277890633204753,0.040000000000000036
33,6,Br,Cs,4.20631719159729,6,12,2.17,0.08000000000000007,3.46,0.09721800000000158,1.594844000000002,0.024003825718419306,0.001995934756646714,0.025490202863018334,standard,1.594844000000002,0.21485432204533744,0.004011945280856688,6677.33852504171,2106.738394385315,0.09721800000000158,0.999999999999373,2.780760388420938e-13,90,1.11414215256298,0.6199159666604072,0.24311673443458695,0.3678794411718413,0.36787944117184107,1.0646199340454454,0.040000000000000036
33,4,Br,Cs,4.206317191597291,6,12,2.17,0.08000000000000007,3.46,0.09721850000000032,1.5948449999999994,0.024003840953563914,0.0019959256599251128,0.025490774454035678,standard,1.5948449999999994,0.2148519158726788,0.0040071329355393925,6677.338528610117,2106.7383960820043,0.09721850000000032,0.999999999999373,3.1347245862027977e-13,90,1.1141421356237555,0.6371469013828095,0.2431167344345869,0.3678794411718413,0.3678794411718409,1.2823380695430902,0.040000000000000036
33,7,Br,Cs,4.206317191597294,6,12,2.17,0.08000000000000007,3.46,0.09721800000000158,1.594844000000002,0.02400381069163114,0.00199594354750409,0.025489636329836758,standard,1.594844000000002,0.2148563159482103,0.004015933086602391,6677.3385214755635,2106.738392689699,0.09721800000000158,0.999999999999373,2.780760388420936e-13,90,1.1141421356237848,0.9548279463163784,0.24311673443458695,0.3678794411718409,0.36787944117184135,1.0988423069681095,0.039999999999999925
33,5,Br,Cs,4.206317191597295,6,12,2.17,0.08000000000000007,3.46,0.09721800000000158,1.594844000000002,0.02400382571841978,0.001995934756644467,0.025490202863018292,standard,1.594844000000002,0.2148543220453366,0.004011945280854995,6677.338525049174,2106.738394388862,0.09721800000000158,0.999999999999373,3.9173693950585705e-13,90,1.1141421525630077,0.8561891269050003,0.24311673443458695,0.367879441171841,0.3678794411718413,0.6954710848772038,0.0399999999999997
34,15,Br,Pb,2.9743154099999987,6,6,1.16,0.77,2.58,0.2530140000000003,1.9064340000000044,0.2299380776752376,0.012977790455436622,0.23499630406234567,standard,1.9064340000000044,0.186472816805484,0.052749849802502025,3226.4935251522884,658.9482133656959,0.2530140000000003,0.9999999999994754,3.7865323450608567e-29,42,1.1141422415352984,0.5773502691896258,0.24311673443458695,0.24311673443458695,0.9999999999999999,0.03849259061852561,0.039999999999999925
34,14,Br,Pb,2.97431541,6,6,1.16,0.77,2.58,0.2530140000000003,1.9064340000000044,0.2299380776752388,0.012977790455448696,0.23499630406234678,standard,1.9064340000000044,0.18647281680548486,0.052749849802500304,3226.4935251522684,658.9482133656821,0.2530140000000003,0.9999999999994754,4.674027637711186e-14,42,1.1141422415352766,0.9502245533939677,0.24311673443458695,0.24311673443458695,0.9999999999999999,0.11412431057229766,0.039999999999999925
34,0,Br,Cs,4.206317191597292,6,12,2.17,0.08000000000000007,3.46,0.09721899999999906,1.594844000000002,0.02382542696889434,0.0018001238909084109,0.02471534238029125,standard,1.594844000000002,0.21484870007055762,0.004001916727645188,6677.338557523262,2106.7383857423697,0.09721899999999906,0.999999999999373,9.80600997531646e-14,90,1.0,0.6264797168032914,0.3678794411718411,0.36787944117184107,0.2431167344345869,1.419333984703403,0.039999999999999925
34,4,Br,Cs,4.206317191597293,6,12,2.17,0.08000000000000007,3.46,0.09721899999999906,1.594844000000002,0.02400382030048075,0.0021743379213310177,0.025491199250206,standard,1.594844000000002,0.21485161202359176,0.00400774063371348,6677.338553939635,2106.7383840384427,0.09721899999999906,0.999999999999373,2.1740295827711742e-13,90,1.120659115613964,0.6497992529448724,0.3678794411718413,0.367879441171841,0.24311673443458695,1.397527464348575,0.039999999999999925
34,2,Br,Cs,4.206317191597293,6,12,2.17,0.08000000000000007,3.46,0.09721899999999906,1.594844000000002,0.0238254117173382,0.0018001350717747483,0.024714484856763103,standard,1.594844000000002,0.21485161202359226,0.004007740633714479,6677.338553934234,2106.738384035875,0.09721899999999906,0.999999999999373,1.9246645880242005e-13,90,1.0,0.9536135071134942,0.3678794411718409,0.3678794411718413,0.24311673443458695,0.02431082074178692,0.039999999999999813
34,6,Br,Cs,4.206317191597296,6,12,2.17,0.08000000000000007,3.46,0.09721850000000032,1.5948430000000045,0.02382539552539177,0.0018001447032733198,0.024713667652166774,standard,1.5948430000000045,0.21485401819625038,0.004012552979030776,6677.338550371228,2106.738382341752,0.09721850000000032,0.999999999999373,1.9246645880241995e-13,90,1.0,0.7593795043342494,0.3678794411718413,0.36787944117184107,0.24311673443458695,1.1798093288509304,0.039999999999999925
35,12,Br,Pb,2.974315409999999,6,6,1.16,0.77,2.58,0.25301350000000156,1.9064350000000019,0.22981409401676958,0.013312513198904646,0.23499255144683923,standard,1.9064350000000019,0.18647312065457095,0.05275045750067631,3226.4934998227163,658.9482303978389,0.25301350000000156,0.9999999999994754,1.3627015155335673e-13,42,1.1141422452095293,0.9309292399903127,0.24311673443458695,0.9999999999999991,0.24311673443458695,0.3832933532349181,0.039999999999999925
35,14,Br,Pb,2.9743154100000018,6,6,1.16,0.77,2.58,0.25301350000000156,1.9064350000000019,0.22981409401677688,0.01331251319886453,0.2349925514468391,standard,1.9064350000000019,0.1864731206545719,0.05275045750067439,3226.493499822741,658.9482303978548,0.25301350000000156,0.9999999999994754,3.305036638078913e-14,42,1.1141422452095446,0.5845144803825295,0.24311673443458695,1.0,0.24311673443458695,0.10798699902207842,0.040000000000000036
35,2,Br,Cs,4.206317191597292,6,12,2.17,0.08000000000000007,3.46,0.09721850000000032,1.5948449999999994,0.024003840953563945,0.001995925659927135,0.025490774454035685,standard,1.5948449999999994,0.2148519158726793,0.004007132935540392,6677.338528604707,2106.7383960794405,0.09721850000000032,0.999999999999373,3.6310118769875576e-13,90,1.1141421356237873,0.6691983629167292,0.36787944117184107,0.24311673443458695,0.3678794411718412,0.018173509191567683,0.039999999999999925
35,3,Br,Cs,4.206317191597292,6,12,2.17,0.08000000000000007,3.46,0.09721800000000158,1.594844000000002,0.024003825718419136,0.0019959347566448713,0.02549020286301845,standard,1.594844000000002,0.2148543220453376,0.004011945280856993,6677.338525046905,2106.7383943877935,0.09721800000000158,0.999999999999373,3.5877093622632955e-13,90,1.114142152562983,0.6359794311900879,0.36787944117184107,0.2431167344345869,0.36787944117184107,0.3737827384319891,0.040000000000000036
35,7,Br,Cs,4.206317191597294,6,12,2.17,0.08000000000000007,3.46,0.09721800000000158,1.594844000000002,0.02400381069163036,0.0019959435475079236,0.025489636329836685,standard,1.594844000000002,0.2148563159482103,0.004015933086602391,6677.338521475554,2106.7383926897037,0.09721800000000158,0.999999999999373,2.634841415607038e-13,90,1.1141421356237606,0.7280861932826147,0.36787944117184135,0.24311673443458695,0.3678794411718409,1.2078943902233752,0.039999999999999925
35,6,Br,Cs,4.206317191597295,6,12,2.17,0.08000000000000007,3.46,0.09721800000000158,1.594844000000002,0.024003825718420566,0.0019959347566423555,0.02549020286301826,standard,1.594844000000002,0.21485432204533744,0.004011945280856688,6677.3385250417,2106.7383943853174,0.09721800000000158,0.999999999999373,3.139503783940956e-13,90,1.1141421525630284,0.9308063673879473,0.3678794411718413,0.24311673443458695,0.367879441171841,1.1736720173007111,0.040000000000000036
36,10,Br,Pb,2.9743154099999995,6,6,1.16,0.77,2.58,0.25301350000000156,1.9064350000000019,0.22981409401675632,0.013312513198936293,0.23499255144683895,standard,1.9064350000000019,0.1864731206545723,0.05275045750067742,3226.493499822862,658.948230397937,0.25301350000000156,0.9999999999994754,7.390286590871826e-14,42,1.1141422452095289,0.9685278894061838,0.9999999999999998,0.24311673443458695,0.24311673443458695,0.35589465666168296,0.039999999999999925
36,14,Br,Pb,2.9743154100000018,6,6,1.16,0.77,2.58,0.25301350000000156,1.9064350000000019,0.22981409401677477,0.013312513198880233,0.23499255144683726,standard,1.9064350000000019,0.18647312065457286,0.05275045750067631,3226.493499822741,658.9482303978551,0.25301350000000156,0.9999999999994754,3.305036638078912e-14,42,1.1141422452095644,0.9502245533939676,0.9999999999999998,0.24311673443458695,0.24311673443458695,0.1141243105722981,0.039999999999999925
36,5,Br,Cs,4.206317191597292,6,12,2.17,0.08000000000000007,3.46,0.09721800000000158,1.594844000000002,0.02400382571841955,0.001995934756644114,0.02549020286301852,standard,1.594844000000002,0.21485432204533755,0.00401194528085308,6677.338525049165,2106.738394388868,0.09721800000000158,0.999999999999373,3.9173693950585705e-13,90,1.1141421525630275,0.701426520786275,0.2431167344345869,0.36787944117184107,0.36787944117184107,0.8106604796826891,0.03999999999999959
36,4,Br,Cs,4.206317191597292,6,12,2.17,0.08000000000000007,3.46,0.09721850000000032,1.5948449999999994,0.024003840953564674,0.0019959256599245767,0.025490774454035678,standard,1.5948449999999994,0.21485191587267977,0.004007132935537477,6677.3385286101075,2106.7383960820084,0.09721850000000032,0.999999999999373,3.1347245862027997e-13,90,1.1141421356237502,0.6497992529448726,0.24311673443458695,0.36787944117184107,0.3678794411718412,1.3975274643485756,0.039999999999999925
36,7,Br,Cs,4.206317191597293,6,12,2.17,0.08000000000000007,3.46,0.09721800000000158,1.594844000000002,0.024003810691630705,0.001995943547506573,0.025489636329836564,standard,1.594844000000002,0.21485631594821125,0.004015933086600476,6677.338521475554,2106.738392689704,0.09721800000000158,0.999999999999373,2.7807603884209393e-13,90,1.1141421356237733,0.6168560759564966,0.24311673443458695,0.3678794411718413,0.367879441171841,1.2140317017735949,0.039999999999999813
36,6,Br,Cs,4.206317191597294,6,12,2.17,0.08000000000000007,3.46,0.09721800000000158,1.594844000000002,0.02400382571842007,0.001995934756642476,0.025490202863018334,standard,1.594844000000002,0.2148543220453384,0.004011945280854773,6677.3385250417,2106.738394385318,0.09721800000000158,0.999999999999373,2.780760388420939e-13,90,1.1141421525630275,0.7593795043342494,0.24311673443458695,0.3678794411718413,0.367879441171841,1.1798093288509308,0.039999999999999925
37,14,Br,Pb,2.974315409999999,6,6,1.16,0.77,2.58,0.25301350000000156,1.9064350000000019,0.229814094016761,0.01331251319890922,0.23499255144683798,standard,1.9064350000000019,0.1864731206545721,0.05275045750067478,3226.4934998227886,658.9482303978235,0.25301350000000156,0.9999999999994754,4.6740276377111787e-14,42,1.11414224520957,0.577350269189626,0.24311673443458695,0.24311673443458695,0.9999999999999999,0.08806237082481294,0.039999999999999925
37,15,Br,Pb,2.9743154100000027,6,6,1.16,0.77,2.58,0.25301350000000156,1.9064350000000019,0.22981409401677272,0.013312513198883193,0.23499255144683887,standard,1.9064350000000019,0.18647312065457122,0.0527504575006765,3226.4934998228086,658.9482303978361,0.25301350000000156,0.9999999999994754,3.7865323450608567e-29,42,1.1141422452095047,0.5773502691896258,0.24311673443458695,0.24311673443458695,0.9999999999999999,0.06455453036601033,0.039999999999999925
37,1,Br,Cs,4.206317191597292,6,12,2.17,0.08000000000000007,3.46,0.09721850000000032,1.5948449999999994,0.024003840953565263,0.001995925659924811,0.02549077445403557,standard,1.5948449999999994,0.2148519158726796,0.004007132935540225,6677.338528615752,2106.7383960846473,0.09721850000000032,0.999999999999373,9.938806847484746e-14,90,1.1141421356237386,0.5942809822751761,0.3678794411718411,0.36787944117184107,0.2431167344345869,1.0019314682247584,0.039999999999999925
37,5,Br,Cs,4.206317191597293,6,12,2.17,0.08000000000000007,3.46,0.09721800000000158,1.594844000000002,0.02400382571841987,0.0019959347566428374,0.025490202863018258,standard,1.594844000000002,0.21485432204533678,0.004011945280854606,6677.338525049212,2106.738394388845,0.09721800000000158,0.999999999999373,3.262051633408652e-13,90,1.1141421525630288,0.8197580706195595,0.3678794411718413,0.367879441171841,0.24311673443458695,0.7845985399352039,0.03999999999999959
37,3,Br,Cs,4.206317191597293,6,12,2.17,0.08000000000000007,3.46,0.09721800000000158,1.594844000000002,0.02400382571841839,0.001995934756643428,0.025490202863018202,standard,1.594844000000002,0.21485432204533778,0.004011945280856605,6677.338525046953,2106.73839438777,0.09721800000000158,0.999999999999373,2.846041160495043e-13,90,1.1141421525630486,0.627979198413874,0.3678794411718409,0.3678794411718413,0.24311673443458695,0.3937073666292546,0.039999999999999925
37,7,Br,Cs,4.206317191597296,6,12,2.17,0.08000000000000007,3.46,0.09721800000000158,1.594844000000002,0.024003810691630822,0.001995943547505703,0.02548963632983655,standard,1.594844000000002,0.21485631594821047,0.004015933086602003,6677.338521475602,2106.73839268968,0.09721800000000158,0.999999999999373,8.889539090486496e-14,90,1.1141421356238084,0.7096734381528451,0.3678794411718413,0.36787944117184107,0.24311673443458695,1.1879697620261096,0.039999999999999813
38,13,Br,Pb,2.974315409999999,6,6,1.16,0.77,2.58,0.25301350000000156,1.9064350000000019,0.22981409401676187,0.013312513198909557,0.23499255144683884,standard,1.9064350000000019,0.18647312065457156,0.05275045750067531,3226.493499822737,658.9482303978424,0.25301350000000156,0.9999999999994754,1.3220146552315682e-13,42,1.1141422452095409,0.794121545779449,0.24311673443458695,0.9999999999999991,0.24311673443458695,0.5851268672499598,0.039999999999999813
38,15,Br,Pb,2.9743154100000018,6,6,1.16,0.77,2.58,0.25301350000000156,1.9064350000000019,0.22981409401677197,0.013312513198885387,0.2349925514468385,standard,1.9064350000000019,0.1864731206545711,0.05275045750067622,3226.4934998227686,658.9482303978632,0.25301350000000156,0.9999999999994754,1.0709930793498926e-28,42,1.114142245209582,0.794121545779449,0.24311673443458695,1.0,0.24311673443458695,0.10866597549390178,0.039999999999999813
38,2,Br,Cs,4.206317191597292,6,12,2.17,0.08000000000000007,3.46,0.09721850000000032,1.5948449999999994,0.024003840953564948,0.001995925659923329,0.02549077445403563,standard,1.5948449999999994,0.21485191587267935,0.004007132935540281,6677.338528604714,2106.738396079437,0.09721850000000032,0.999999999999373,3.6310118769875606e-13,90,1.1141421356237742,0.7068528195328911,0.36787944117184107,0.2431167344345869,0.36787944117184107,0.1714693868542143,0.0399999999999997
38,6,Br,Cs,4.206317191597293,6,12,2.17,0.08000000000000007,3.46,0.09721800000000158,1.594844000000002,0.024003825718419167,0.0019959347566457656,0.025490202863018455,standard,1.594844000000002,0.2148543220453375,0.004011945280856577,6677.338525041709,2106.7383943853147,0.09721800000000158,0.999999999999373,3.139503783940959e-13,90,1.11414215256297,0.9054927552927338,0.36787944117184146,0.2431167344345869,0.36787944117184074,1.3269678949633579,0.039999999999999813
38,3,Br,Cs,4.206317191597294,6,12,2.17,0.08000000000000007,3.46,0.09721800000000158,1.594844000000002,0.024003825718418116,0.00199593475664789,0.02549020286301836,standard,1.594844000000002,0.21485432204533766,0.004011945280856882,6677.338525046913,2106.7383943877885,0.09721800000000158,0.999999999999373,3.5877093622632985e-13,90,1.1141421525629944,0.7082028654936262,0.3678794411718409,0.24311673443458695,0.36787944117184135,0.22048686076934249,0.039999999999999813
38,7,Br,Cs,4.206317191597297,6,12,2.17,0.08000000000000007,3.46,0.09721800000000158,1.594844000000002,0.024003810691628824,0.001995943547513342,0.02548963632983646,standard,1.594844000000002,0.21485631594821036,0.00401593308660228,6677.338521475562,2106.7383926896987,0.09721800000000158,0.999999999999373,2.634841415607038e-13,90,1.1141421356237426,0.8920011841480109,0.3678794411718411,0.24311673443458695,0.3678794411718411,1.361190267886022,0.0399999999999997
39,11,Br,Pb,2.9743154099999995,6,6,1.16,0.77,2.58,0.25301350000000156,1.9064350000000019,0.2298140940167786,0.013312513198856096,0.23499255144683917,standard,1.9064350000000019,0.186473120654571,0.05275045750067742,3226.4934998228828,658.9482303979299,0.25301350000000156,0.9999999999994754,6.610073276157833e-14,42,1.1141422452095187,0.8458622075303099,0.9999999999999998,0.24311673443458695,0.24311673443458695,0.5653075685038085,0.039999999999999925
39,15,Br,Pb,2.9743154100000018,6,6,1.16,0.77,2.58,0.25301350000000156,1.9064350000000019,0.22981409401677141,0.013312513198882815,0.23499255144683892,standard,1.9064350000000019,0.18647312065457133,0.05275045750067672,3226.4934998227764,658.9482303978579,0.25301350000000156,0.9999999999994754,7.139953862332619e-29,42,1.114142245209547,0.8601929816642451,0.9999999999999998,0.24311673443458695,0.24311673443458695,0.13588429135605562,0.039999999999999925
39,4,Br,Cs,4.206317191597292,6,12,2.17,0.08000000000000007,3.46,0.09721850000000032,1.5948449999999994,0.024003840953563723,0.0019959256599272964,0.025490774454035723,standard,1.5948449999999994,0.2148519158726791,0.004007132935538782,6677.338528610123,2106.738396082001,0.09721850000000032,0.999999999999373,3.1347245862028007e-13,90,1.1141421356237702,0.6763247555000653,0.2431167344345869,0.36787944117184107,0.36787944117184107,1.5719043463231563,0.039999999999999925
39,6,Br,Cs,4.206317191597292,6,12,2.17,0.08000000000000007,3.46,0.09721800000000158,1.594844000000002,0.024003825718419303,0.0019959347566447573,0.025490202863017945,standard,1.594844000000002,0.21485432204533775,0.004011945280856077,6677.338525041716,2106.7383943853115,0.09721800000000158,0.999999999999373,2.78076038842094e-13,90,1.1141421525630741,0.749490483843069,0.24311673443458695,0.36787944117184146,0.3678794411718409,1.3541862108255116,0.039999999999999925
39,5,Br,Cs,4.206317191597294,6,12,2.17,0.08000000000000007,3.46,0.09721800000000158,1.594844000000002,0.024003825718418855,0.001995934756646711,0.02549020286301828,standard,1.594844000000002,0.2148543220453369,0.004011945280854384,6677.33852504918,2106.73839438886,0.09721800000000158,0.999999999999373,3.917369395058574e-13,90,1.1141421525630104,0.872261128385113,0.24311673443458695,0.3678794411718409,0.36787944117184135,0.9850373616572698,0.03999999999999959
39,7,Br,Cs,4.206317191597296,6,12,2.17,0.08000000000000007,3.46,0.09721800000000158,1.594844000000002,0.024003810691629587,0.0019959435475101544,0.025489636329836477,standard,1.594844000000002,0.21485631594821059,0.004015933086601781,6677.33852147557,2106.7383926896955,0.09721800000000158,0.999999999999373,2.78076038842094e-13,90,1.1141421356237675,0.814867767024184,0.24311673443458695,0.36787944117184107,0.3678794411718412,1.3884085837481757,0.039999999999999813
